# SRC: TARGET_NAME 
# RA: 17 h 45 m 40.0410 s
# DEC: -29 deg  0 m 28.1180 s
# MJD: 0.1111 - 0.6875 
# RF: 227.2970 GHz 
# BW: 4.0960 GHz 
# PHASECAL: 1 
# AMPCAL: 1 
# ----------------------------------------------------------------
# Site       X(m)             Y(m)             Z(m)           SEFD
# ALMA       2225037.18510   -5441199.16200   -2479303.46290  100.0000 
# SMT       -1828796.20000   -5054406.80000    3427865.20000  11000.0000 
# LMT        -768713.96370   -5988541.79820    2063275.94720  1400.0000 
# SMA       -5464523.40000   -2493147.08000    2150611.75000  4000.0000 
# PV         5088967.90000    -301681.60000    3825015.80000  1400.0000 
# PDB        4523998.40000     468045.24000    4460309.76000  5200.0000 
# SPT              0.00000          0.00000   -6359587.30000  9000.0000 
# ----------------------------------------------------------------
# time (hr) tint    T1     T2    Elev1   Elev2  Tau1   Tau2   U (lambda)       V (lambda)         Iamp (Jy)    Iphase(d)  Qamp (Jy)    Qphase(d)   Uamp (Jy)    Uphase(d)   Vamp (Jy)    Vphase(d)   sigma (Jy)
02.66666667 60.00    SPT     PV  0.00   0.00  0.00   0.00   2297059870.0000 -8342301860.0000    0.12315191   -26.8444   0.00336412   123.9599    0.00372831   -78.6950    0.00178341   -69.3173    0.00575350
02.83333333 60.00    SPT     PV  0.00   0.00  0.00   0.00   2157010320.0000 -8389560280.0000    0.10479176   -27.8142   0.00810685  -142.3514    0.00750558    61.3369    0.00463667   -48.4701    0.00575350
03.00000000 60.00    SPT     PV  0.00   0.00  0.00   0.00   2012832260.0000 -8433802990.0000    0.10877455   -19.5522   0.00802791  -111.4193    0.01420283    94.6023    0.00628860  -105.8510    0.00575350
03.16666667 60.00    SPT     PV  0.00   0.00  0.00   0.00   1864801660.0000 -8474945330.0000    0.11408609   -17.9737   0.01272652     4.2764    0.00542141  -146.1288    0.00455207   -95.9037    0.00575350
03.33333333 60.00    SPT     PV  0.00   0.00  0.00   0.00   1713201840.0000 -8512908530.0000    0.11071624   -16.2864   0.01146544   109.0350    0.00167582  -135.6521    0.00508210   -24.2958    0.00575350
03.50000000 60.00    PDB     PV  0.00   0.00  0.00   0.00    701728080.0000   326697040.0000    2.19921601   -19.4619   0.00020361   109.7224    0.00893659     4.9693    0.00368897   102.1433    0.00437333
03.50000000 60.00    SPT    PDB  0.00   0.00  0.00   0.00    856594880.0000 -8874316990.0000    0.09449610   -11.9258   0.02071680   148.4661    0.01221465    -3.1800    0.01157325   128.1660    0.01108842
03.50000000 60.00    SPT     PV  0.00   0.00  0.00   0.00   1558322960.0000 -8547619950.0000    0.11587803   -24.4386   0.00748151   109.3197    0.00814120    -6.1296    0.00217204    42.5360    0.00575350
03.66666667 60.00    PDB     PV  0.00   0.00  0.00   0.00    692186380.0000   311907370.0000    2.20298417   -19.2650   0.00454418   115.8089    0.00956318   -47.1324    0.00532298    73.7541    0.00437333
03.66666667 60.00    SPT    PDB  0.00   0.00  0.00   0.00    708275090.0000 -8890920510.0000    0.10229416    -4.0687   0.01145871   -29.8565    0.01854802  -108.8628    0.00856223  -146.1494    0.01108842
03.66666667 60.00    SPT     PV  0.00   0.00  0.00   0.00   1400461470.0000 -8579013140.0000    0.11838657   -19.2438   0.00620627   109.1890    0.00699924    47.6486    0.00994626   -15.6588    0.00575350
03.83333333 60.00    PDB   ALMA  0.00   0.00  0.00   0.00   3904129130.0000  6038895910.0000    0.17916035    23.3697   0.00034526    84.0513    0.00153643  -119.0241    0.00104857  -128.7923    0.00116882
03.83333333 60.00    PDB     PV  0.00   0.00  0.00   0.00    681319830.0000   297334250.0000    2.22131471   -18.7311   0.00668009   -31.9402    0.00097687    40.1606    0.00617794   -23.4710    0.00437333
03.83333333 60.00     PV   ALMA  0.00   0.00  0.00   0.00   3222809300.0000  5741561660.0000    0.16120391    52.4793   0.00094497    -8.7089    0.00121776   -71.1567    0.00182891   -79.2151    0.00060647
03.83333333 60.00    SPT   ALMA  0.00   0.00  0.00   0.00   4462728810.0000 -2865466360.0000    0.25406824   146.3986   0.00204810   -11.3376    0.00237432     6.4541    0.00192543   159.1709    0.00153769
03.83333333 60.00    SPT    PDB  0.00   0.00  0.00   0.00    558599680.0000 -8904362260.0000    0.12375463   -15.2690   0.00727846  -164.0065    0.00114260    27.1571    0.01506830  -126.2580    0.01108842
03.83333333 60.00    SPT     PV  0.00   0.00  0.00   0.00   1239919510.0000 -8607028020.0000    0.11308959   -16.7154   0.01094390  -134.1889    0.00643593    -4.4302    0.00431569    40.2245    0.00575350
04.00000000 60.00    PDB   ALMA  0.00   0.00  0.00   0.00   4026305500.0000  5954752690.0000    0.18070933    23.2632   0.00222543    32.9351    0.00204843    65.9313    0.00128619   -96.6027    0.00116882
04.00000000 60.00    PDB     PV  0.00   0.00  0.00   0.00    669149240.0000   283005550.0000    2.23954460   -18.5586   0.00481666   114.6981    0.00645748   171.2700    0.00323176   127.1623    0.00437333
04.00000000 60.00     PV   ALMA  0.00   0.00  0.00   0.00   3357156260.0000  5671747140.0000    0.16497591    51.2896   0.00106023   -53.0498    0.00019621   -24.3291    0.00103006  -111.5029    0.00060647
04.00000000 60.00    SPT   ALMA  0.00   0.00  0.00   0.00   4434160600.0000 -2959863820.0000    0.24487737   144.6080   0.00163976    37.1102    0.00191687    39.1767    0.00004168    45.9686    0.00153769
04.00000000 60.00    SPT    PDB  0.00   0.00  0.00   0.00    407855100.0000 -8914616510.0000    0.09889771    -4.4577   0.01249928    -9.2474    0.01690319    84.8983    0.00792874  -132.6422    0.01108842
04.00000000 60.00    SPT     PV  0.00   0.00  0.00   0.00   1077004340.0000 -8631610960.0000    0.12416220    -9.3327   0.00899567   -65.8236    0.00393740    67.4463    0.00805120    52.8965    0.00575350
04.16666667 60.00    PDB   ALMA  0.00   0.00  0.00   0.00   4140775560.0000  5868098610.0000    0.18066989    23.7554   0.00124185  -132.3360    0.00166714    99.3705    0.00078416   -95.0205    0.00116882
04.16666667 60.00    PDB     PV  0.00   0.00  0.00   0.00    655697910.0000   268948700.0000    2.25280876   -18.2373   0.00938753   148.6265    0.00515971   105.0799    0.00590022    96.8341    0.00437333
04.16666667 60.00     PV   ALMA  0.00   0.00  0.00   0.00   3485077650.0000  5599149910.0000    0.16802546    50.9967   0.00028291  -113.2310    0.00058852  -100.2032    0.00138331    50.5707    0.00060647
04.16666667 60.00    SPT   ALMA  0.00   0.00  0.00   0.00   4397105440.0000 -3053565010.0000    0.23958180   144.4572   0.00062141   124.3236    0.00099525  -113.4574    0.00140487   -62.6767    0.00153769
04.16666667 60.00    SPT    PDB  0.00   0.00  0.00   0.00    256329890.0000 -8921663620.0000    0.09830900    -1.5200   0.01375299  -113.6125    0.00686675  -119.7156    0.01881570    41.2851    0.01108842
04.16666667 60.00    SPT     PV  0.00   0.00  0.00   0.00    912027800.0000 -8652714920.0000    0.11904405   -17.3687   0.01009545   -82.5190    0.00485595    51.9614    0.00464383     8.4384    0.00575350
04.33333333 60.00    PDB   ALMA  0.00   0.00  0.00   0.00   4247320190.0000  5779099540.0000    0.18164440    23.4593   0.00156366   -21.6875    0.00073280   -26.0512    0.00148061  -131.1627    0.00116882
04.33333333 60.00    PDB     PV  0.00   0.00  0.00   0.00    640991570.0000   255190610.0000    2.25656262   -17.6959   0.00190496   -88.2902    0.00288157   123.0634    0.00179719   172.8710    0.00437333
04.33333333 60.00     PV   ALMA  0.00   0.00  0.00   0.00   3606328620.0000  5523908920.0000    0.17103164    50.6218   0.00054482    13.3427    0.00054383    63.9545    0.00017123   159.8309    0.00060647
04.33333333 60.00    SPT   ALMA  0.00   0.00  0.00   0.00   4351634260.0000 -3146390570.0000    0.23261538   143.3794   0.00086904    -3.4292    0.00292809     9.3664    0.00150526   111.5014    0.00153769
04.33333333 60.00    SPT    PDB  0.00   0.00  0.00   0.00    104314060.0000 -8925490110.0000    0.12101473     1.5245   0.00241408   113.7763    0.01875805    77.7881    0.00824989    97.9591    0.01108842
04.33333333 60.00    SPT     PV  0.00   0.00  0.00   0.00    745305640.0000 -8670299500.0000    0.13367918    -8.9040   0.00870547    38.7346    0.00687966   167.2951    0.00269711   -22.3985    0.00575350
04.50000000 60.00    PDB   ALMA  0.00   0.00  0.00   0.00   4345735490.0000  5687925800.0000    0.18552053    24.9591   0.00295650   155.2944    0.00158695    20.1449    0.00089324    68.8486    0.00116882
04.50000000 60.00    PDB     PV  0.00   0.00  0.00   0.00    625058380.0000   241757620.0000    2.26118067   -17.3516   0.00970596     2.9283    0.00584743  -154.8391    0.00210964   -11.9348    0.00437333
04.50000000 60.00     PV   ALMA  0.00   0.00  0.00   0.00   3720677100.0000  5446168190.0000    0.17255540    50.4720   0.00055603    66.5419    0.00059104   -75.9896    0.00067293    89.2841    0.00060647
04.50000000 60.00    SPT   ALMA  0.00   0.00  0.00   0.00   4297834070.0000 -3238162860.0000    0.22687423   142.3678   0.00177649   142.8410    0.00105859   166.7237    0.00234675    84.2748    0.00153769
04.50000000 60.00    SPT    PDB  0.00   0.00  0.00   0.00    -47901420.0000 -8926088660.0000    0.12459299     0.6285   0.01108457  -125.2556    0.01226045    42.8082    0.01517525   173.9404    0.01108842
04.50000000 60.00    SPT     PV  0.00   0.00  0.00   0.00    577156970.0000 -8684331040.0000    0.12561244    -6.7193   0.00076244   100.8221    0.00766032   -64.8744    0.01500482    80.4023    0.00575350
04.66666667 60.00    PDB   ALMA  0.00   0.00  0.00   0.00   4435833070.0000  5594751910.0000    0.18408744    24.8941   0.00100921  -137.4747    0.00121245   -88.0351    0.00293237  -130.4531    0.00116882
04.66666667 60.00    PDB     PV  0.00   0.00  0.00   0.00    607928840.0000   228675420.0000    2.27768446   -17.1729   0.00303088    85.0555    0.00581191   119.2990    0.00433883   163.5667    0.00437333
04.66666667 60.00     PV   ALMA  0.00   0.00  0.00   0.00   3827904240.0000  5366076500.0000    0.17403048    50.3453   0.00098243   -23.4918    0.00050551    41.6359    0.00065239   -32.8447    0.00060647
04.66666667 60.00    SPT   ALMA  0.00   0.00  0.00   0.00   4235807860.0000 -3328706200.0000    0.22067547   142.8403   0.00262831   -65.3635    0.00333292    81.9221    0.00104545   111.1199    0.00153769
04.66666667 60.00    SPT    PDB  0.00   0.00  0.00   0.00   -200025210.0000 -8923458120.0000    0.10552729     1.9492   0.01456140    52.6437    0.01430416    78.2490    0.00994638     8.4846    0.01108842
04.66666667 60.00    SPT     PV  0.00   0.00  0.00   0.00    407903620.0000 -8694782700.0000    0.13166593    -6.2835   0.00698698  -153.9388    0.00982503  -112.3951    0.00685089    -1.2877    0.00575350
04.83333333 60.00    PDB   ALMA  0.00   0.00  0.00   0.00   4517440510.0000  5499756210.0000    0.18550667    25.7109   0.00173387   -11.8591    0.00277510    15.6142    0.00093004  -104.7767    0.00116882
04.83333333 60.00    PDB     PV  0.00   0.00  0.00   0.00    589635720.0000   215969060.0000    2.29275421   -16.3283   0.01046107  -118.3928    0.00289621    40.0535    0.00250633   111.6336    0.00437333
04.83333333 60.00     PV   ALMA  0.00   0.00  0.00   0.00   3927804790.0000  5283787150.0000    0.17526012    50.5352   0.00121372   152.7661    0.00074956   -63.6402    0.00089199   175.1092    0.00060647
04.83333333 60.00    SPT   ALMA  0.00   0.00  0.00   0.00   4165674340.0000 -3417847310.0000    0.21541496   142.2324   0.00098148   167.9999    0.00195980   105.3652    0.00152009   -41.6628    0.00153769
04.83333333 60.00    SPT    PDB  0.00   0.00  0.00   0.00   -351766160.0000 -8917603520.0000    0.11730448     6.4555   0.00955908   -87.0904    0.01623946   -87.4615    0.01750446   121.5159    0.01108842
04.83333333 60.00    SPT     PV  0.00   0.00  0.00   0.00    237869550.0000 -8701634460.0000    0.12064282    -2.0832   0.00943273   134.8002    0.01139651    19.6174    0.00186771   131.3963    0.00575350
05.00000000 60.00    PDB   ALMA  0.00   0.00  0.00   0.00   4590401590.0000  5403120500.0000    0.18743411    25.9518   0.00146669   146.8171    0.00085924    22.3241    0.00265203    32.4931    0.00116882
05.00000000 60.00    PDB     PV  0.00   0.00  0.00   0.00    570214040.0000   203662860.0000    2.31046480   -15.7664   0.00550395  -179.5305    0.00575153   110.8686    0.00767671    69.9683    0.00437333
05.00000000 60.00     PV   ALMA  0.00   0.00  0.00   0.00   4020187550.0000  5199457640.0000    0.17631728    51.2021   0.00128455    52.0599    0.00044117    54.6759    0.00029731   -91.1299    0.00060647
05.00000000 60.00    SPT   ALMA  0.00   0.00  0.00   0.00   4087567750.0000 -3505415570.0000    0.21240862   142.5538   0.00367463   145.0025    0.00236597    -6.9559    0.00254126   153.3945    0.00153769
05.00000000 60.00    SPT    PDB  0.00   0.00  0.00   0.00   -502833840.0000 -8908536070.0000    0.09557769     2.9786   0.01883149  -142.7565    0.01671210    -9.4332    0.00813415   159.4971    0.01108842
05.00000000 60.00    SPT     PV  0.00   0.00  0.00   0.00     67380200.0000 -8704873210.0000    0.12446157    -3.4656   0.00815673    23.7852    0.00708562   171.2983    0.00850668   126.7001    0.00575350
05.16666667 60.00    PDB   ALMA  0.00   0.00  0.00   0.00   4654576680.0000  5305029760.0000    0.18438483    27.1764   0.00222633   103.1852    0.00272424   173.4836    0.00203518    15.0807    0.00116882
05.16666667 60.00    PDB     PV  0.00   0.00  0.00   0.00    549700980.0000   191780380.0000    2.32389363   -15.4500   0.00317766  -111.2806    0.00936188   176.4610    0.00129239    49.9342    0.00437333
05.16666667 60.00     PV   ALMA  0.00   0.00  0.00   0.00   4104875700.0000  5113249380.0000    0.17729758    52.0899   0.00037402    -8.7543    0.00019511   102.4874    0.00084604    49.1178    0.00060647
05.16666667 60.00    SPT   ALMA  0.00   0.00  0.00   0.00   4001637590.0000 -3591243370.0000    0.21505749   144.1750   0.00198414   -60.1894    0.00079708    68.6677    0.00072513   -35.0097    0.00153769
05.16666667 60.00    SPT    PDB  0.00   0.00  0.00   0.00   -652939090.0000 -8896273130.0000    0.11175860     5.1670   0.00987089   150.0141    0.01153465   -50.4927    0.01121713   139.9628    0.01108842
05.16666667 60.00    SPT     PV  0.00   0.00  0.00   0.00   -103238110.0000 -8704492750.0000    0.12714840    -2.9938   0.00506978    51.6986    0.00785447   -23.0765    0.01167286    81.1347    0.00575350
05.33333333 60.00    PDB   ALMA  0.00   0.00  0.00   0.00   4709842930.0000  5205671730.0000    0.18393457    28.9779   0.00084445   111.8183    0.00114395   117.7259    0.00075372   118.1961    0.00116882
05.33333333 60.00    PDB     PV  0.00   0.00  0.00   0.00    528135790.0000   180344360.0000    2.33954296   -14.5760   0.00448817   144.3503    0.00668986  -135.3067    0.00566172   129.6694    0.00437333
05.33333333 60.00     PV   ALMA  0.00   0.00  0.00   0.00   4181707140.0000  5025327380.0000    0.17725891    53.1258   0.00009951    34.2723    0.00072206   -19.9421    0.00073766    66.8933    0.00060647
05.33333333 60.00    SPT   ALMA  0.00   0.00  0.00   0.00   3908048330.0000 -3675166430.0000    0.21286972   145.0375   0.00143795    79.7657    0.00207749  -143.8541    0.00090741  -162.4553    0.00153769
05.33333333 60.00    SPT    PDB  0.00   0.00  0.00   0.00   -801794610.0000 -8880838170.0000    0.10162733    11.4476   0.02479562    19.2169    0.01559975   169.5654    0.03938491   -79.1749    0.01108842
05.33333333 60.00    SPT     PV  0.00   0.00  0.00   0.00   -273658820.0000 -8700493810.0000    0.12918655     5.1398   0.01498339   -67.3088    0.00535120  -111.1079    0.00525803   -26.2439    0.00575350
05.50000000 60.00    PDB   ALMA  0.00   0.00  0.00   0.00   4756094590.0000  5105236580.0000    0.18407025    30.7713   0.00038839  -118.1813    0.00089381    46.2603    0.00120255   -97.4854    0.00116882
05.50000000 60.00    PDB     PV  0.00   0.00  0.00   0.00    505559760.0000   169376680.0000    2.35420770   -13.7954   0.00475036    33.3599    0.00414643   -32.2641    0.00064422   -25.6469    0.00437333
05.50000000 60.00     PV   ALMA  0.00   0.00  0.00   0.00   4250534830.0000  4935859900.0000    0.17851864    54.4004   0.00091280   -69.0487    0.00026747   -54.6194    0.00141345   101.1663    0.00060647
05.50000000 60.00    SPT   ALMA  0.00   0.00  0.00   0.00   3806979080.0000 -3757024150.0000    0.21061112   145.6313   0.00037862   -40.5946    0.00246698    81.1653    0.00225150  -110.8442    0.00153769
05.50000000 60.00    SPT    PDB  0.00   0.00  0.00   0.00   -949115510.0000 -8862260720.0000    0.09799029    10.3458   0.01030242    69.2514    0.00698762  -164.7083    0.01987421   -56.1241    0.01108842
05.50000000 60.00    SPT     PV  0.00   0.00  0.00   0.00   -443555750.0000 -8692884050.0000    0.12999980     6.3819   0.00414566    61.5439    0.01004031    -5.1109    0.00683959     6.3317    0.00575350
05.66666667 60.00     PV   ALMA  0.00   0.00  0.00   0.00   4311227030.0000  4845018200.0000    0.17776875    55.7115   0.00095967   134.0586    0.00056977  -104.6940    0.00048612   132.8392    0.00060647
05.66666667 60.00    SPT   ALMA  0.00   0.00  0.00   0.00   3698623300.0000 -3836659820.0000    0.21486227   148.3173   0.00159686  -164.9307    0.00456405    96.3130    0.00019458   122.4309    0.00153769
05.66666667 60.00    SPT     PV  0.00   0.00  0.00   0.00   -612603730.0000 -8681678020.0000    0.12788361     6.6872   0.00178078    29.5774    0.00854090    -0.8399    0.01030940    97.7482    0.00575350
05.83333333 60.00     PV   ALMA  0.00   0.00  0.00   0.00   4363667560.0000  4752976140.0000    0.17673257    58.1769   0.00046830   -13.4482    0.00077448    53.2529    0.00150562   179.7512    0.00060647
05.83333333 60.00    SPT   ALMA  0.00   0.00  0.00   0.00   3583188380.0000 -3913921040.0000    0.21597572   149.2436   0.00112360    76.3659    0.00073119  -141.9872    0.00090220   165.0946    0.00153769
05.83333333 60.00    SPT     PV  0.00   0.00  0.00   0.00   -780479180.0000 -8666897180.0000    0.12407664     4.7236   0.01240435   177.5934    0.00750581   -89.2961    0.01105698    35.8858    0.00575350
06.00000000 60.00     PV   ALMA  0.00   0.00  0.00   0.00   4407756070.0000  4659909890.0000    0.17796200    60.8930   0.00120523  -155.1813    0.00009354    65.0321    0.00020687   150.5962    0.00060647
06.00000000 60.00    SPT   ALMA  0.00   0.00  0.00   0.00   3460895270.0000 -3988659930.0000    0.21771394   151.5519   0.00305661     9.7788    0.00161895  -111.4427    0.00452356   -92.8810    0.00153769
06.00000000 60.00    SPT     PV  0.00   0.00  0.00   0.00   -946860800.0000 -8648569820.0000    0.11720448    10.2563   0.00602902    74.8646    0.00838606   -62.1933    0.00265665   -29.2213    0.00575350
06.16666667 60.00     PV   ALMA  0.00   0.00  0.00   0.00   4443408160.0000  4565997580.0000    0.17852070    63.1867   0.00055368   119.4856    0.00072659   -40.4056    0.00027982  -131.8656    0.00060647
06.16666667 60.00    SPT   ALMA  0.00   0.00  0.00   0.00   3331978020.0000 -4060733430.0000    0.21955702   154.4292   0.00354706    58.6868    0.00109189   -23.0201    0.00065565  -117.1702    0.00153769
06.16666667 60.00    SPT     PV  0.00   0.00  0.00   0.00  -1111430140.0000 -8626731020.0000    0.11866488    11.5286   0.00547120     0.9293    0.00630023  -151.4555    0.00673074   -40.9599    0.00575350
06.33333333 60.00     PV   ALMA  0.00   0.00  0.00   0.00   4470555610.0000  4471418960.0000    0.17905188    66.6769   0.00042624  -152.6196    0.00172864   106.5514    0.00013563  -179.1402    0.00060647
06.33333333 60.00    SPT   ALMA  0.00   0.00  0.00   0.00   3196683390.0000 -4130003610.0000    0.22436271   155.8038   0.00129369   137.1345    0.00257285  -179.2100    0.00195184  -100.2047    0.00153769
06.33333333 60.00    SPT     PV  0.00   0.00  0.00   0.00  -1273872210.0000 -8601422560.0000    0.12452427    11.4389   0.00725927    92.7978    0.00754382    99.1592    0.01108370     3.9344    0.00575350
06.50000000 60.00     PV   ALMA  0.00   0.00  0.00   0.00   4489146440.0000  4376355040.0000    0.17945479    70.1630   0.00067411   -49.1058    0.00064954   174.3498    0.00041250   145.0937    0.00060647
06.50000000 60.00    SPT   ALMA  0.00   0.00  0.00   0.00   3055270340.0000 -4196337870.0000    0.22335873   158.1423   0.00228062    16.2609    0.00129559   -85.0510    0.00099491    -7.9685    0.00153769
06.50000000 60.00    SPT     PV  0.00   0.00  0.00   0.00  -1433876100.0000 -8572692910.0000    0.12146422    14.7264   0.01387317  -169.8397    0.01532372   126.9819    0.00404583  -110.1880    0.00575350
06.66666667 60.00     PV   ALMA  0.00   0.00  0.00   0.00   4499145070.0000  4280987790.0000    0.18088556    74.6680   0.00041819  -141.6825    0.00059899   -89.1909    0.00072995    67.4946    0.00060647
06.66666667 60.00    SPT   ALMA  0.00   0.00  0.00   0.00   2908009510.0000 -4259609250.0000    0.22794532   161.4307   0.00401747   -82.1977    0.00187750   164.4857    0.00134708    16.0148    0.00153769
06.66666667 60.00    SPT     PV  0.00   0.00  0.00   0.00  -1591135550.0000 -8540597040.0000    0.11437650    13.0926   0.00177236  -143.1818    0.00829761  -130.0388    0.00496949   116.3427    0.00575350
06.83333333 60.00     PV   ALMA  0.00   0.00  0.00   0.00   4500532370.0000  4185499740.0000    0.18236326    79.7985   0.00083119  -145.3987    0.00008712    -5.5024    0.00087300    -3.8313    0.00060647
06.83333333 60.00    SPT   ALMA  0.00   0.00  0.00   0.00   2755182790.0000 -4319696650.0000    0.23375372   162.8394   0.00331303  -174.2794    0.00300193  -120.7223    0.00058605     8.7706    0.00153769
06.83333333 60.00    SPT     PV  0.00   0.00  0.00   0.00  -1745349580.0000 -8505196380.0000    0.12086414    11.9707   0.00503713    90.2434    0.00524634   141.0011    0.00543248    36.2172    0.00575350
07.00000000 60.00     PV   ALMA  0.00   0.00  0.00   0.00   4493305690.0000  4090073630.0000    0.18619545    84.6707   0.00033748   -47.9044    0.00143433   170.7768    0.00033529   -95.7790    0.00060647
07.00000000 60.00    SPT   ALMA  0.00   0.00  0.00   0.00   2597082660.0000 -4376485060.0000    0.23520163   165.8143   0.00278270   141.4461    0.00478101   -64.3734    0.00195360    95.7658    0.00153769
07.00000000 60.00    SPT     PV  0.00   0.00  0.00   0.00  -1896223030.0000 -8466558700.0000    0.11644069    18.7044   0.00570513  -124.3768    0.00123928   161.6590    0.00291119    65.0397    0.00575350
07.16666667 60.00     PV   ALMA  0.00   0.00  0.00   0.00   4477478850.0000  3994892130.0000    0.19054585    90.1724   0.00031810  -159.6597    0.00083366   -28.8703    0.00013803   129.0904    0.00060647
07.16666667 60.00    SPT   ALMA  0.00   0.00  0.00   0.00   2434011730.0000 -4429865800.0000    0.24174402   169.0174   0.00286882    83.9813    0.00176753    -6.4879    0.00113682   158.8512    0.00153769
07.16666667 60.00    SPT     PV  0.00   0.00  0.00   0.00  -2043467120.0000 -8424757940.0000    0.11426847    19.2973   0.00550777    13.4108    0.00519224  -153.6277    0.00283645  -137.1981    0.00575350
07.33333333 60.00    LMT   ALMA  0.00   0.00  0.00   0.00  -1726374880.0000  2281667810.0000    0.55558888    82.0137   0.00090765   -61.2952    0.00009564   -41.2986    0.00052577   171.2960    0.00060647
07.33333333 60.00     PV   ALMA  0.00   0.00  0.00   0.00   4453082140.0000  3900137410.0000    0.19623369    96.2876   0.00014327   -46.2182    0.00029723   -46.2359    0.00023398    59.6335    0.00060647
07.33333333 60.00     PV    LMT  0.00   0.00  0.00   0.00   6179457020.0000  1618469600.0000    0.15970692    77.5344   0.00522576   -64.9111    0.00169108    69.5862    0.00171038   -92.5175    0.00226921
07.33333333 60.00    SPT   ALMA  0.00   0.00  0.00   0.00   2266282120.0000 -4479736690.0000    0.24688773   171.4195   0.00149997   160.0051    0.00299038   113.0810    0.00093654   -45.0000    0.00153769
07.33333333 60.00    SPT    LMT  0.00   0.00  0.00   0.00   3992657000.0000 -6761404500.0000    0.16438189   -19.4465   0.01133077    -8.7023    0.00648712  -126.2844    0.00167325  -103.0540    0.00575350
07.33333333 60.00    SPT     PV  0.00   0.00  0.00   0.00  -2186800030.0000 -8379874110.0000    0.10860844    17.2373   0.00238842  -111.4062    0.00727441   111.0343    0.01569051   -15.1591    0.00575350
07.50000000 60.00    LMT   ALMA  0.00   0.00  0.00   0.00  -1793048170.0000  2319009460.0000    0.53388674    86.9710   0.00067061  -141.2783    0.00126960   -90.3320    0.00015530   -66.7736    0.00060647
07.50000000 60.00     PV   ALMA  0.00   0.00  0.00   0.00   4420162270.0000  3805990830.0000    0.20407052   102.5756   0.00087164    90.3434    0.00101349   126.2302    0.00063187  -149.1100    0.00060647
07.50000000 60.00     PV    LMT  0.00   0.00  0.00   0.00   6213210440.0000  1486981360.0000    0.16205115    77.3407   0.00267272    88.7437    0.00094152    87.3192    0.00175397   167.6010    0.00226921
07.50000000 60.00    SPT   ALMA  0.00   0.00  0.00   0.00   2094214860.0000 -4526002290.0000    0.24755494   173.9281   0.00041173    66.7690    0.00355983    36.6806    0.00450800    73.7243    0.00153769
07.50000000 60.00    SPT    LMT  0.00   0.00  0.00   0.00   3887263020.0000 -6845011750.0000    0.15250909   -19.7485   0.00569654    78.5283    0.00787755    81.9064    0.00477823   145.8278    0.00575350
07.50000000 60.00    SPT     PV  0.00   0.00  0.00   0.00  -2325947420.0000 -8331993110.0000    0.11785500    17.3958   0.01505897    89.6763    0.00183790   134.3991    0.00737306    68.6205    0.00575350
07.66666667 60.00    LMT   ALMA  0.00   0.00  0.00   0.00  -1856289570.0000  2357729540.0000    0.51612831    92.0075   0.00043667    13.2200    0.00024571   -69.3433    0.00156355    50.4015    0.00060647
07.66666667 60.00    SPT   ALMA  0.00   0.00  0.00   0.00   1918139280.0000 -4568574020.0000    0.25416998   175.8120   0.00303682  -152.1183    0.00096199    60.5951    0.00123015     5.3153    0.00153769
07.66666667 60.00    SPT    LMT  0.00   0.00  0.00   0.00   3774428860.0000 -6926303560.0000    0.16020566   -20.0499   0.00698841    19.5331    0.01008610   140.4709    0.00407712    54.4285    0.00575350
07.83333333 60.00    LMT   ALMA  0.00   0.00  0.00   0.00  -1915978060.0000  2397753920.0000    0.50019657    96.8163   0.00028943    76.1338    0.00041799   -87.3759    0.00015277   122.8586    0.00060647
07.83333333 60.00    SPT   ALMA  0.00   0.00  0.00   0.00   1738392400.0000 -4607370430.0000    0.25964217   178.6461   0.00051809   115.6627    0.00281258  -168.9782    0.00242898  -138.7997    0.00153769
07.83333333 60.00    SPT    LMT  0.00   0.00  0.00   0.00   3654370460.0000 -7005124350.0000    0.15815513   -23.9358   0.00527627    44.9673    0.00443345    84.5856    0.01557028   -86.1627    0.00575350
08.00000000 60.00    LMT   ALMA  0.00   0.00  0.00   0.00  -1971999370.0000  2439006000.0000    0.48435219   101.5040   0.00008809  -137.4979    0.00105405    94.7538    0.00083024  -122.3748    0.00060647
08.00000000 60.00    SPT   ALMA  0.00   0.00  0.00   0.00   1555318250.0000 -4642317240.0000    0.26001910  -178.3845   0.00098500  -148.5385    0.00077705  -133.2550    0.00221399   117.8095    0.00153769
08.00000000 60.00    SPT    LMT  0.00   0.00  0.00   0.00   3527317620.0000 -7081323240.0000    0.15681693   -25.0162   0.01478882    50.5117    0.01839928     9.6813    0.00352251    86.3028    0.00575350
08.16666667 60.00    LMT   ALMA  0.00   0.00  0.00   0.00  -2024246290.0000  2481406820.0000    0.47045925   106.2902   0.00052818    14.8997    0.00072542  -174.0952    0.00071243  -135.2802    0.00060647
08.16666667 60.00    SPT   ALMA  0.00   0.00  0.00   0.00   1369267240.0000 -4673347570.0000    0.26243682  -176.6344   0.00044035    10.6161    0.00223618  -165.0867    0.00072202   -38.0220    0.00153769
08.16666667 60.00    SPT    LMT  0.00   0.00  0.00   0.00   3393513530.0000 -7154754400.0000    0.15721047   -18.7322   0.01048308    54.9613    0.00441423  -106.8689    0.00676048    -0.4433    0.00575350
08.33333333 60.00    LMT   ALMA  0.00   0.00  0.00   0.00  -2072618810.0000  2524875230.0000    0.46003434   110.7210   0.00029009  -163.4971    0.00047986   -49.6533    0.00098496   166.1651    0.00060647
08.33333333 60.00    SPT   ALMA  0.00   0.00  0.00   0.00   1180595460.0000 -4700402030.0000    0.26741295  -174.9408   0.00533391   -37.3327    0.00246325   164.3480    0.00472707    31.3754    0.00153769
08.33333333 60.00    SPT    LMT  0.00   0.00  0.00   0.00   3253214280.0000 -7225277270.0000    0.16387164   -18.2581   0.01241283  -122.1872    0.01389272  -140.4811    0.01647985   114.1879    0.00575350
08.50000000 60.00    LMT   ALMA  0.00   0.00  0.00   0.00  -2117024360.0000  2569328040.0000    0.45081773   115.1379   0.00067468   -78.6567    0.00058336  -140.4939    0.00055628    49.6969    0.00060647
08.50000000 60.00    SPT   ALMA  0.00   0.00  0.00   0.00    989664030.0000 -4723428840.0000    0.26679958  -172.3130   0.00185627  -148.9930    0.00046397  -142.6339    0.00171884   -77.8747    0.00153769
08.50000000 60.00    SPT    LMT  0.00   0.00  0.00   0.00   3106688390.0000 -7292756880.0000    0.16733377   -18.9519   0.00683609    90.1771    0.01583094   169.1533    0.00919506    83.4349    0.00575350
08.66666667 60.00    LMT   ALMA  0.00   0.00  0.00   0.00  -2157377940.0000  2614680150.0000    0.44255976   119.0710   0.00073728   114.8916    0.00071878    41.3584    0.00098034  -164.7620    0.00060647
08.66666667 60.00    SPT   ALMA  0.00   0.00  0.00   0.00    796838380.0000 -4742383930.0000    0.27072431  -170.5611   0.00176797  -125.7086    0.00061446    58.9291    0.00191338   -13.4171    0.00153769
08.66666667 60.00    SPT    LMT  0.00   0.00  0.00   0.00   2954216320.0000 -7357064080.0000    0.17243510   -21.1917   0.00716183   -40.5457    0.00855855   -43.6080    0.00273431   169.8033    0.00575350
08.83333333 60.00    LMT   ALMA  0.00   0.00  0.00   0.00  -2193602310.0000  2660844770.0000    0.43544809   123.0911   0.00108283    39.4870    0.00036608    43.3889    0.00026188    -0.8033    0.00060647
08.83333333 60.00    SPT   ALMA  0.00   0.00  0.00   0.00    602487590.0000 -4757231010.0000    0.27134627  -168.4091   0.00180653   178.5210    0.00095357  -101.8811    0.00527644   -89.7810    0.00153769
08.83333333 60.00    SPT    LMT  0.00   0.00  0.00   0.00   2796089910.0000 -7418075780.0000    0.15401631   -17.7971   0.00562286    -2.4437    0.00310635  -123.8992    0.00877129   -52.4498    0.00575350
09.00000000 60.00    LMT   ALMA  0.00   0.00  0.00   0.00  -2225628150.0000  2707733530.0000    0.42726227   126.7015   0.00095835  -126.5687    0.00065069    71.3326    0.00038833  -128.0665    0.00060647
09.00000000 60.00    SPT   ALMA  0.00   0.00  0.00   0.00    406983640.0000 -4767941660.0000    0.27270700  -167.3030   0.00116478   176.7189    0.00064877   104.3008    0.00126270   -57.5636    0.00153769
09.00000000 60.00    SPT    LMT  0.00   0.00  0.00   0.00   2632611790.0000 -7475675200.0000    0.16936133   -21.0262   0.01276335   172.6423    0.00644223    17.4991    0.01247494    54.8353    0.00575350
09.16666667 60.00    LMT   ALMA  0.00   0.00  0.00   0.00  -2253394150.0000  2755256690.0000    0.41997774   130.1273   0.00049391    92.4495    0.00092670   137.2757    0.00052439   172.3708    0.00060647
09.16666667 60.00    LMT    SMT  0.00   0.00  0.00   0.00    434255320.0000  -432966410.0000    2.28971218   -12.4247   0.01016608   -98.1173    0.01415914  -128.6131    0.00740525    -4.5897    0.00636073
09.16666667 60.00    SMT   ALMA  0.00   0.00  0.00   0.00  -2687649470.0000  3188223110.0000    0.37850340   162.7727   0.00078330    -3.1412    0.00329164    35.3392    0.00097426  -139.8708    0.00169998
09.16666667 60.00    SPT   ALMA  0.00   0.00  0.00   0.00    210700730.0000 -4774495400.0000    0.27551457  -165.2442   0.00445203   145.7017    0.00079198   -81.4740    0.00471443   134.8385    0.00153769
09.16666667 60.00    SPT    LMT  0.00   0.00  0.00   0.00   2464094880.0000 -7529752090.0000    0.17484282   -15.9310   0.00428799  -115.5950    0.00773036    -8.4427    0.00388371   -15.0337    0.00575350
09.16666667 60.00    SPT    SMT  0.00   0.00  0.00   0.00   2898350200.0000 -7962718510.0000    0.12341268   -27.4313   0.02742473   161.0311    0.02302370     8.3121    0.01394464  -170.9854    0.01612740
09.33333333 60.00    LMT   ALMA  0.00   0.00  0.00   0.00  -2276847160.0000  2803323300.0000    0.41634075   133.3516   0.00061277    70.5967    0.00057890  -162.3841    0.00023511    58.8895    0.00060647
09.33333333 60.00    LMT    SMT  0.00   0.00  0.00   0.00    477134330.0000  -442636410.0000    2.26152111   -13.4365   0.01743847    10.9427    0.00318876  -128.4817    0.01498198    77.8518    0.00636073
09.33333333 60.00    SMT   ALMA  0.00   0.00  0.00   0.00  -2753981490.0000  3245959710.0000    0.37368943   166.7355   0.00210701    68.2574    0.00380759   -43.7309    0.00256087    31.5346    0.00169998
09.33333333 60.00    SPT   ALMA  0.00   0.00  0.00   0.00     14014540.0000 -4776879660.0000    0.27586066  -163.6826   0.00096980   155.4048    0.00103120   -83.7997    0.00134165   -67.1565    0.00153769
09.33333333 60.00    SPT    LMT  0.00   0.00  0.00   0.00   2290861710.0000 -7580202960.0000    0.16554534   -18.2415   0.01310482   177.6185    0.00678955   -16.0179    0.00490916   -17.1985    0.00575350
09.33333333 60.00    SPT    SMT  0.00   0.00  0.00   0.00   2767996030.0000 -8022839370.0000    0.12140831   -11.3786   0.01493713    62.4615    0.01088256  -123.9835    0.03365123   -48.8782    0.01612740
09.50000000 60.00    LMT   ALMA  0.00   0.00  0.00   0.00  -2295942310.0000  2851841350.0000    0.40907891   136.3799   0.00059719    42.6888    0.00114433    15.5888    0.00132622   -19.2501    0.00060647
09.50000000 60.00    LMT    SMT  0.00   0.00  0.00   0.00    519100100.0000  -453206620.0000    2.24050631   -14.7226   0.00364634   -87.8069    0.01065210   160.5733    0.00503648  -137.2975    0.00636073
09.50000000 60.00    SMT   ALMA  0.00   0.00  0.00   0.00  -2815042400.0000  3305047970.0000    0.36290518   170.1037   0.00293549   168.7835    0.00276956     2.4182    0.00238208   -78.2768    0.00169998
09.50000000 60.00    SPT   ALMA  0.00   0.00  0.00   0.00   -182698470.0000 -4775089900.0000    0.27388270  -161.9419   0.00377401   146.9092    0.00099856   141.5781    0.00076184   107.9309    0.00153769
09.50000000 60.00    SPT    LMT  0.00   0.00  0.00   0.00   2113243840.0000 -7626931250.0000    0.16802201   -14.6816   0.00365231  -126.6633    0.01004672    41.9338    0.01233334  -151.8456    0.00575350
09.50000000 60.00    SPT    SMT  0.00   0.00  0.00   0.00   2632343930.0000 -8080137870.0000    0.12759230   -25.2562   0.02226042  -151.6603    0.03992110   139.3825    0.02709661    63.3483    0.01612740
09.66666667 60.00    LMT   ALMA  0.00   0.00  0.00   0.00  -2310643040.0000  2900717980.0000    0.40458332   138.7735   0.00093871   -60.2166    0.00056053    25.6302    0.00027090   132.2405    0.00060647
09.66666667 60.00    LMT    SMT  0.00   0.00  0.00   0.00    560072310.0000  -464656820.0000    2.22675267   -15.7196   0.00888482   -17.7653    0.01000202    14.7471    0.00642396   -69.6337    0.00636073
09.66666667 60.00    SMT   ALMA  0.00   0.00  0.00   0.00  -2870715350.0000  3365374800.0000    0.35612084   173.1624   0.00330379  -109.1353    0.00049396  -118.4351    0.00339560   128.8010    0.00169998
09.66666667 60.00    SPT   ALMA  0.00   0.00  0.00   0.00   -379061800.0000 -4769129530.0000    0.27320904  -160.0319   0.00299067   -53.7477    0.00179234    -4.9783    0.00025422   -30.7191    0.00153769
09.66666667 60.00    SPT    LMT  0.00   0.00  0.00   0.00   1931581240.0000 -7669847510.0000    0.16495558   -10.3431   0.00998315   172.4540    0.00710580  -168.4270    0.00352887  -156.0236    0.00575350
09.66666667 60.00    SPT    SMT  0.00   0.00  0.00   0.00   2491653550.0000 -8134504330.0000    0.12556959   -27.4869   0.00503118  -107.8041    0.02234182    98.1533    0.02119458   -20.6159    0.01612740
09.83333333 60.00    LMT   ALMA  0.00   0.00  0.00   0.00  -2320921210.0000  2949859630.0000    0.39866735   141.3416   0.00093414     9.2384    0.00074200  -145.8593    0.00119674    83.9909    0.00060647
09.83333333 60.00    LMT    SMT  0.00   0.00  0.00   0.00    599972550.0000  -476965080.0000    2.19371046   -17.0726   0.00623621   104.8425    0.01596141    -9.0784    0.00823566   176.4862    0.00636073
09.83333333 60.00    SMT   ALMA  0.00   0.00  0.00   0.00  -2920893760.0000  3426824720.0000    0.34311826   176.8602   0.00160299   173.6241    0.00106442    46.2283    0.00238511   128.8115    0.00169998
09.83333333 60.00    SPT   ALMA  0.00   0.00  0.00   0.00   -574699600.0000 -4759009970.0000    0.26524424  -159.2009   0.00189023   -63.5317    0.00089574   -57.0238    0.00080713    81.0290    0.00153769
09.83333333 60.00    SPT    LMT  0.00   0.00  0.00   0.00   1746221620.0000 -7708869600.0000    0.16190476   -10.5873   0.00549055   139.9631    0.01280373    20.5081    0.00868578     4.9405    0.00575350
09.83333333 60.00    SPT    SMT  0.00   0.00  0.00   0.00   2346194170.0000 -8185834680.0000    0.14146352   -20.0439   0.01633751  -106.4895    0.02433185    96.0071    0.01583339     6.9237    0.01612740
10.00000000 60.00    LMT   ALMA  0.00   0.00  0.00   0.00  -2326757160.0000  2999172270.0000    0.39387092   143.6184   0.00253495   136.7298    0.00038394     1.4595    0.00069940  -169.5357    0.00060647
10.00000000 60.00    LMT    SMT  0.00   0.00  0.00   0.00    638724450.0000  -490107860.0000    2.17438873   -18.1378   0.01497999   153.6867    0.00959461    -2.6775    0.01555960   104.0881    0.00636073
10.00000000 60.00    SMT   ALMA  0.00   0.00  0.00   0.00  -2965481610.0000  3489280130.0000    0.33318820   179.5628   0.00078344   155.8153    0.00038127   -78.3656    0.00171205   -43.0921    0.00169998
10.00000000 60.00    SPT   ALMA  0.00   0.00  0.00   0.00   -769237430.0000 -4744750570.0000    0.26349251  -157.6147   0.00068145    51.7004    0.00128495    -6.0295    0.00147378   -76.6175    0.00153769
10.00000000 60.00    SPT    LMT  0.00   0.00  0.00   0.00   1557519730.0000 -7743922840.0000    0.17175842   -13.5114   0.00922623  -163.7656    0.00306866  -126.1437    0.00946674  -179.2425    0.00575350
10.00000000 60.00    SPT    SMT  0.00   0.00  0.00   0.00   2196244180.0000 -8234030700.0000    0.13725297   -17.4943   0.00708376   -50.4019    0.01279267  -179.8790    0.03288201    32.7724    0.01612740
10.16666667 60.00    LMT   ALMA  0.00   0.00  0.00   0.00  -2328139710.0000  3048561490.0000    0.38807767   145.6994   0.00099678    10.9572    0.00065329    37.0483    0.00031870    32.8992    0.00060647
10.16666667 60.00    LMT    SMT  0.00   0.00  0.00   0.00    676253840.0000  -504060000.0000    2.12715297   -19.1418   0.00319492    -0.5343    0.00215277   -44.9653    0.00541594    76.8285    0.00636073
10.16666667 60.00    SMT   ALMA  0.00   0.00  0.00   0.00  -3004393550.0000  3552621490.0000    0.32628403  -177.2501   0.00236871   -79.4697    0.00075213   -40.6571    0.00191396    20.2520    0.00169998
10.16666667 60.00    SPT   ALMA  0.00   0.00  0.00   0.00   -962302960.0000 -4726378640.0000    0.26024841  -155.7335   0.00295882   109.2178    0.00190640   148.8178    0.00055895  -162.8133    0.00153769
10.16666667 60.00    SPT    LMT  0.00   0.00  0.00   0.00   1365836750.0000 -7774940130.0000    0.16280146    -9.2569   0.00587417  -155.9945    0.00250373   -60.7539    0.00432275   -17.5074    0.00575350
10.16666667 60.00    SPT    SMT  0.00   0.00  0.00   0.00   2042090590.0000 -8279000130.0000    0.12231600   -34.8056   0.05865282   144.9556    0.04331696  -135.8121    0.03907143  -154.3520    0.01612740
10.33333333 60.00    LMT   ALMA  0.00   0.00  0.00   0.00  -2325066220.0000  3097932770.0000    0.38391045   147.6274   0.00097481   -45.1900    0.00129974   118.8355    0.00062847   146.5464    0.00060647
10.33333333 60.00    LMT    SMT  0.00   0.00  0.00   0.00    712488880.0000  -518794790.0000    2.11503041   -20.4116   0.00558714  -110.1100    0.00068828    76.2780    0.01144761   -16.6199    0.00636073
10.33333333 60.00    SMT   ALMA  0.00   0.00  0.00   0.00  -3037555090.0000  3616727560.0000    0.31353444  -174.3741   0.00324008   -51.0856    0.00377246  -117.9607    0.00310855   154.4805    0.00169998
10.33333333 60.00    SPT   ALMA  0.00   0.00  0.00   0.00  -1153526640.0000 -4703929340.0000    0.25969086  -154.6430   0.00218524  -137.1072    0.00050162  -176.8342    0.00212563  -169.4697    0.00153769
10.33333333 60.00    SPT    LMT  0.00   0.00  0.00   0.00   1171539580.0000 -7801862110.0000    0.16484841    -8.1367   0.00932621    64.1297    0.01396456    70.5823    0.00728787   101.0654    0.00575350
10.33333333 60.00    SPT    SMT  0.00   0.00  0.00   0.00   1884028460.0000 -8320656900.0000    0.13883711   -13.4701   0.01414501  -115.0046    0.03145274    87.4432    0.02965840  -155.9917    0.01612740
10.50000000 60.00    LMT   ALMA  0.00   0.00  0.00   0.00  -2317542570.0000  3147191610.0000    0.37799229   149.4138   0.00098434    79.1002    0.00037612   -14.4128    0.00116364   -52.4472    0.00060647
10.50000000 60.00    LMT    SMT  0.00   0.00  0.00   0.00    747360220.0000  -534284030.0000    2.08861091   -21.3147   0.01120600    30.6647    0.01239815    27.8785    0.01173555  -114.7057    0.00636073
10.50000000 60.00    SMT   ALMA  0.00   0.00  0.00   0.00  -3064902780.0000  3681475640.0000    0.30433723  -172.6070   0.00204879   178.7720    0.00427563  -131.9504    0.00176191     4.3015    0.00169998
10.50000000 60.00    SPT   ALMA  0.00   0.00  0.00   0.00  -1342542480.0000 -4677445640.0000    0.25475564  -152.3981   0.00316481    48.5837    0.00303885   -84.7189    0.00098290   -99.9045    0.00153769
10.50000000 60.00    SPT    LMT  0.00   0.00  0.00   0.00    975000090.0000 -7824637250.0000    0.16829449    -4.2530   0.00306281   130.3803    0.00865820    54.3800    0.00365172   111.0953    0.00575350
10.50000000 60.00    SPT    SMT  0.00   0.00  0.00   0.00   1722360300.0000 -8358921280.0000    0.14266776   -22.3559   0.01136589   -52.5143    0.01227100    80.6014    0.02253455   107.7311    0.01612740
10.66666667 60.00    LMT   ALMA  0.00   0.00  0.00   0.00  -2305583150.0000  3196243740.0000    0.37297978   150.8808   0.00034107   152.0829    0.00119392    88.8860    0.00070695   -80.3530    0.00060647
10.66666667 60.00    LMT    SMT  0.00   0.00  0.00   0.00    780801120.0000  -550498070.0000    2.05099813   -22.3603   0.00594850  -164.7364    0.00948895    87.2514    0.00434660   115.6142    0.00636073
10.66666667 60.00    SMT   ALMA  0.00   0.00  0.00   0.00  -3086384270.0000  3746741810.0000    0.29210635  -170.3329   0.00265363  -171.4926    0.00231104  -160.2686    0.00144159    20.1543    0.00169998
10.66666667 60.00    SPT   ALMA  0.00   0.00  0.00   0.00  -1528988700.0000 -4646978220.0000    0.25370264  -151.8907   0.00113909  -133.3001    0.00161512    71.5287    0.00322770   -79.7224    0.00153769
10.66666667 60.00    SPT    LMT  0.00   0.00  0.00   0.00    776594450.0000 -7843221960.0000    0.16371005    -8.4595   0.00840128    86.2930    0.00580506  -130.0955    0.00964089   -68.6191    0.00575350
10.66666667 60.00    SPT    SMT  0.00   0.00  0.00   0.00   1557395570.0000 -8393720030.0000    0.14708059    -3.1091   0.01841483  -122.6121    0.01591095    77.2622    0.02046124   -56.7112    0.01612740
10.83333333 60.00    LMT   ALMA  0.00   0.00  0.00   0.00  -2289210870.0000  3244995260.0000    0.36943559   152.2727   0.00088645    96.6382    0.00076310   -87.4381    0.00094763   119.3172    0.00060647
10.83333333 60.00    LMT    SMT  0.00   0.00  0.00   0.00    812747570.0000  -567405880.0000    2.02401870   -23.5288   0.00580784    37.5667    0.00046983   -42.5120    0.01470456  -130.9559    0.00636073
10.83333333 60.00    SMT   ALMA  0.00   0.00  0.00   0.00  -3101958440.0000  3812401140.0000    0.28041769  -167.6790   0.00194865    98.7132    0.00447592    -1.6912    0.00240400   -55.1061    0.00169998
10.83333333 60.00    SPT   ALMA  0.00   0.00  0.00   0.00  -1712508450.0000 -4612585400.0000    0.24949990  -150.1546   0.00176910    -9.7206    0.00126761   155.8756    0.00289923    79.0221    0.00153769
10.83333333 60.00    SPT    LMT  0.00   0.00  0.00   0.00    576702420.0000 -7857580660.0000    0.15530244    -6.9526   0.00512058   -88.8305    0.00914620  -167.3980    0.00475961    53.8689    0.00575350
10.83333333 60.00    SPT    SMT  0.00   0.00  0.00   0.00   1389449990.0000 -8424986550.0000    0.10083957   -14.6797   0.01271561   -86.3436    0.01233565  -115.2162    0.00576570    80.1104    0.01612740
11.00000000 60.00    LMT   ALMA  0.00   0.00  0.00   0.00  -2268457050.0000  3293352870.0000    0.36369006   153.5999   0.00066529  -147.8431    0.00122931    99.1204    0.00065018   -70.5390    0.00060647
11.00000000 60.00    LMT    SMT  0.00   0.00  0.00   0.00    843138420.0000  -584975110.0000    1.99522836   -24.3116   0.00620927    -9.4976    0.00618206  -163.3720    0.00709200   106.7930    0.00636073
11.00000000 60.00    SMT   ALMA  0.00   0.00  0.00   0.00  -3111595480.0000  3878327970.0000    0.26813053  -165.7254   0.00221061   -60.5706    0.00285944  -168.0805    0.00261346   -23.0292    0.00169998
11.00000000 60.00    SPT   ALMA  0.00   0.00  0.00   0.00  -1892750470.0000 -4574333010.0000    0.24576673  -148.7455   0.00089377   102.0223    0.00245221  -155.7212    0.00250164   -18.5678    0.00153769
11.00000000 60.00    SPT    LMT  0.00   0.00  0.00   0.00    375706580.0000 -7867685880.0000    0.16169171    -4.7909   0.00777038    75.1238    0.01887385   -77.5148    0.00515753   -85.7235    0.00575350
11.00000000 60.00    SPT    SMT  0.00   0.00  0.00   0.00   1218845010.0000 -8452660990.0000    0.13777400   -13.3139   0.02744224    91.0190    0.01064198   177.2555    0.01579583  -177.2958    0.01612740
11.16666667 60.00    LMT   ALMA  0.00   0.00  0.00   0.00  -2243361430.0000  3341224000.0000    0.35878730   154.7060   0.00037772  -152.4903    0.00048420  -136.0820    0.00124358   108.5687    0.00060647
11.16666667 60.00    LMT    SMT  0.00   0.00  0.00   0.00    871915520.0000  -603172110.0000    1.96876000   -25.2447   0.01381275    61.5899    0.00747448   -76.2855    0.00588794  -176.3418    0.00636073
11.16666667 60.00    SMT   ALMA  0.00   0.00  0.00   0.00  -3115276950.0000  3944396120.0000    0.26171972  -163.3474   0.00237036   -46.3925    0.00211528   137.3326    0.00101989   -49.5725    0.00169998
11.16666667 60.00    SPT   ALMA  0.00   0.00  0.00   0.00  -2069369780.0000 -4532294260.0000    0.24461718  -146.5624   0.00214131   -25.0417    0.00081670   -29.2286    0.00113958   -25.8444    0.00153769
11.16666667 60.00    SPT    LMT  0.00   0.00  0.00   0.00    173991650.0000 -7873518270.0000    0.16251339    -6.0221   0.00796585  -152.1849    0.00636493   -56.2761    0.01211472    51.6859    0.00575350
11.16666667 60.00    SPT    SMT  0.00   0.00  0.00   0.00   1045907170.0000 -8476690380.0000    0.10861937    -6.0332   0.02391807   172.6001    0.00790164   -75.0596    0.01076598   -74.5832    0.01612740
11.33333333 60.00    LMT   ALMA  0.00   0.00  0.00   0.00  -2213972020.0000  3388517040.0000    0.35436335   155.4476   0.00155181   -64.9622    0.00041690   170.8552    0.00083522   114.1416    0.00060647
11.33333333 60.00    LMT    SMT  0.00   0.00  0.00   0.00    899023780.0000  -621962070.0000    1.93795567   -26.2814   0.00303524   154.7309    0.01070848    67.7798    0.00603065   151.2346    0.00636073
11.33333333 60.00    SMA   ALMA  0.00   0.00  0.00   0.00  -6130805010.0000  2394104610.0000    0.09730778   -48.0304   0.00184611    -7.9877    0.00174215  -131.2799    0.00030777   -15.6532    0.00102512
11.33333333 60.00    SMA    LMT  0.00   0.00  0.00   0.00  -3916832990.0000  -994412430.0000    0.58986934   165.5867   0.00526525    82.3702    0.00217635    48.0543    0.00468060    29.4535    0.00383567
11.33333333 60.00    SMA    SMT  0.00   0.00  0.00   0.00  -3017809210.0000 -1616374500.0000    0.59456858   132.9536   0.01188658   -48.0493    0.00968154    32.3800    0.02923063   -94.8890    0.01075160
11.33333333 60.00    SMT   ALMA  0.00   0.00  0.00   0.00  -3112995800.0000  4010479110.0000    0.25368931  -161.5758   0.00176131    76.4455    0.00325834   -79.7501    0.00166490   -38.6820    0.00169998
11.33333333 60.00    SPT   ALMA  0.00   0.00  0.00   0.00  -2242028320.0000 -4486549620.0000    0.24762113  -144.9890   0.00424239   -68.9386    0.00248345    59.6786    0.00385855    31.6820    0.00153769
11.33333333 60.00    SPT    LMT  0.00   0.00  0.00   0.00    -28056290.0000 -7875066670.0000    0.16645861    -6.4399   0.00236034  -174.5433    0.01119808   -85.1736    0.00260835   125.3414    0.00575350
11.33333333 60.00    SPT    SMA  0.00   0.00  0.00   0.00   3888776700.0000 -6880654240.0000    0.16541390   -14.3720   0.00623595  -155.8918    0.01099481   -62.3730    0.00887685   176.7238    0.00972519
11.33333333 60.00    SPT    SMT  0.00   0.00  0.00   0.00    870967480.0000 -8497028730.0000    0.13592307   -15.3180   0.00990181   -15.8906    0.01326672  -142.6435    0.02263586   146.9193    0.01612740
11.50000000 60.00    LMT   ALMA  0.00   0.00  0.00   0.00  -2180345090.0000  3435141470.0000    0.35042273   156.3490   0.00093060  -105.0946    0.00013180   149.7778    0.00053175    -6.9451    0.00060647
11.50000000 60.00    LMT    SMT  0.00   0.00  0.00   0.00    924411310.0000  -641309010.0000    1.90859381   -26.7845   0.00615670    80.1918    0.00137163   -14.3984    0.00874453   -90.2021    0.00636073
11.50000000 60.00    SMA   ALMA  0.00   0.00  0.00   0.00  -6188392210.0000  2524813320.0000    0.09717276   -35.9506   0.00275828  -113.1311    0.00094572    56.0712    0.00184753   -75.2934    0.00102512
11.50000000 60.00    SMA    LMT  0.00   0.00  0.00   0.00  -4008047120.0000  -910328150.0000    0.58723931   169.3523   0.00302169    87.1961    0.00100192  -169.8647    0.00724579    90.3782    0.00383567
11.50000000 60.00    SMA    SMT  0.00   0.00  0.00   0.00  -3083635810.0000 -1551637160.0000    0.59919247   133.4192   0.01008293  -127.4950    0.02496592     9.2592    0.02623731    95.8420    0.01075160
11.50000000 60.00    SMT   ALMA  0.00   0.00  0.00   0.00  -3104756400.0000  4076450490.0000    0.24014405  -160.4054   0.00078823    83.1164    0.00125271   -81.5172    0.00124099  -152.2318    0.00169998
11.50000000 60.00    SPT   ALMA  0.00   0.00  0.00   0.00  -2410395640.0000 -4437186640.0000    0.24575570  -143.5883   0.00432239  -141.2850    0.00090660    59.5439    0.00160640   107.2302    0.00153769
11.50000000 60.00    SPT    LMT  0.00   0.00  0.00   0.00   -230050550.0000 -7872328110.0000    0.16353589    -3.8830   0.00399987    99.0922    0.01046407    90.1579    0.01020494   119.1057    0.00575350
11.50000000 60.00    SPT    SMA  0.00   0.00  0.00   0.00   3777996570.0000 -6961999960.0000    0.18327543   -24.7741   0.01153933   142.0374    0.02163293    26.2893    0.01364179   162.4568    0.00972519
11.50000000 60.00    SPT    SMT  0.00   0.00  0.00   0.00    694360760.0000 -8513637120.0000    0.13338500    -1.5329   0.01872605   -39.3863    0.02004998  -153.1706    0.02710883    86.9791    0.01612740
11.66666667 60.00    LMT   ALMA  0.00   0.00  0.00   0.00  -2142544990.0000  3481008050.0000    0.34571980   157.1626   0.00057100    31.4919    0.00108271  -119.4617    0.00133897  -125.2471    0.00060647
11.66666667 60.00    LMT    SMT  0.00   0.00  0.00   0.00    948029520.0000  -661175920.0000    1.87899401   -28.0769   0.00686969  -107.4012    0.00301244  -150.5836    0.00414916   169.8369    0.00636073
11.66666667 60.00    SMA   ALMA  0.00   0.00  0.00   0.00  -6234134860.0000  2656618380.0000    0.09755934   -26.2898   0.00021631   136.4779    0.00086158   174.7923    0.00164593   -36.3188    0.00102512
11.66666667 60.00    SMA    LMT  0.00   0.00  0.00   0.00  -4091589870.0000  -824389670.0000    0.58504064   171.8572   0.00630714  -161.4359    0.00754322   115.8464    0.00575722   -45.3395    0.00383567
11.66666667 60.00    SMA    SMT  0.00   0.00  0.00   0.00  -3143560350.0000 -1485565580.0000    0.58227847   135.4429   0.00859192    65.8120    0.01863391  -167.5683    0.01084135   178.6468    0.01075160
11.66666667 60.00    SMT   ALMA  0.00   0.00  0.00   0.00  -3090574520.0000  4142183970.0000    0.23227112  -158.6831   0.00322729  -144.1677    0.00216279    -3.6288    0.00365848  -172.9592    0.00169998
11.66666667 60.00    SPT   ALMA  0.00   0.00  0.00   0.00  -2574149480.0000 -4384299790.0000    0.24500327  -142.5339   0.00135422   104.5691    0.00298795  -169.8084    0.00250210    39.6757    0.00153769
11.66666667 60.00    SPT    LMT  0.00   0.00  0.00   0.00   -431604490.0000 -7865307840.0000    0.16339394     2.5382   0.00169311     4.1249    0.00531207    32.9584    0.01089885   -23.9992    0.00575350
11.66666667 60.00    SPT    SMA  0.00   0.00  0.00   0.00   3659985380.0000 -7040918180.0000    0.16121708   -28.2924   0.02432034  -173.6281    0.01816143   -61.9175    0.01500912  -154.2548    0.00972519
11.66666667 60.00    SPT    SMT  0.00   0.00  0.00   0.00    516425030.0000 -8526483760.0000    0.12671307    -1.1317   0.01673263   151.1585    0.00977207   -51.4512    0.03110081    13.1827    0.01612740
11.83333333 60.00    LMT   ALMA  0.00   0.00  0.00   0.00  -2100644080.0000  3526028980.0000    0.34270831   157.6360   0.00074635    57.6499    0.00033989     8.8220    0.00147001    44.1816    0.00060647
11.83333333 60.00    LMT    SMT  0.00   0.00  0.00   0.00    969833220.0000  -681524760.0000    1.85793909   -28.8208   0.00111835   -56.9033    0.00748027    67.5457    0.00643240  -175.8719    0.00636073
11.83333333 60.00    SMA   ALMA  0.00   0.00  0.00   0.00  -6267945430.0000  2789267510.0000    0.10076116   -17.7808   0.00121123   104.5074    0.00091876    65.7157    0.00063948   123.5535    0.00102512
11.83333333 60.00    SMA    LMT  0.00   0.00  0.00   0.00  -4167301350.0000  -736761470.0000    0.57818755   174.1310   0.00181981   158.8261    0.00311769   -17.9976    0.00445938     7.0755    0.00383567
11.83333333 60.00    SMA    SMT  0.00   0.00  0.00   0.00  -3197468130.0000 -1418286230.0000    0.59956282   137.6671   0.01326020    19.0290    0.01022112    -8.7836    0.00144868    51.4072    0.01075160
11.83333333 60.00    SMT   ALMA  0.00   0.00  0.00   0.00  -3070477300.0000  4207553740.0000    0.22318171  -157.7121   0.00117147   -26.6940    0.00207121   151.3769    0.00440664  -150.9414    0.00169998
11.83333333 60.00    SPT   ALMA  0.00   0.00  0.00   0.00  -2732976420.0000 -4327990310.0000    0.24376747  -141.5041   0.00014716    -0.6169    0.00107084   -79.0243    0.00354830  -128.5333    0.00153769
11.83333333 60.00    SPT    LMT  0.00   0.00  0.00   0.00   -632332340.0000 -7854019300.0000    0.15675195    -1.3352   0.00144769    -4.5462    0.00484050   134.6303    0.01261967   178.3432    0.00575350
11.83333333 60.00    SPT    SMA  0.00   0.00  0.00   0.00   3534969000.0000 -7117257830.0000    0.16093357   -19.1358   0.01135905  -123.5754    0.01443602   138.7905    0.00928519  -118.9390    0.00972519
11.83333333 60.00    SPT    SMT  0.00   0.00  0.00   0.00    337500870.0000 -8535544050.0000    0.15844722   -10.8675   0.02627485   139.3458    0.01220168  -116.8031    0.03706053   112.4945    0.01612740
12.00000000 60.00    LMT   ALMA  0.00   0.00  0.00   0.00  -2054722550.0000  3570118110.0000    0.33757033   158.2111   0.00114472   -68.7819    0.00022567   -13.5328    0.00055916   -73.5855    0.00060647
12.00000000 60.00    LMT    SMT  0.00   0.00  0.00   0.00    989780650.0000  -702316580.0000    1.83372178   -29.5686   0.01016983   109.4181    0.00402795     6.9085    0.01294791   -39.9838    0.00636073
12.00000000 60.00    SMA   ALMA  0.00   0.00  0.00   0.00  -6289759190.0000  2922506830.0000    0.10399852   -10.9005   0.00085432  -149.8762    0.00120713   121.5810    0.00153166   -38.1891    0.00102512
12.00000000 60.00    SMA    LMT  0.00   0.00  0.00   0.00  -4235036640.0000  -647611280.0000    0.57660883   176.8832   0.00276885   175.2345    0.00678593  -105.6026    0.00246197   161.4732    0.00383567
12.00000000 60.00    SMA    SMT  0.00   0.00  0.00   0.00  -3245255990.0000 -1349927860.0000    0.60871020   138.7987   0.00917899  -144.7721    0.00459884   -64.5826    0.02090795    28.9069    0.01075160
12.00000000 60.00    SMT   ALMA  0.00   0.00  0.00   0.00  -3044503200.0000  4272434690.0000    0.21263641  -155.9735   0.00055928  -142.1535    0.00261419  -139.1662    0.00112105    66.3113    0.00169998
12.00000000 60.00    SPT   ALMA  0.00   0.00  0.00   0.00  -2886572460.0000 -4268365970.0000    0.24301464  -138.6072   0.00062543    48.6442    0.00097749     3.5482    0.00210511  -118.5508    0.00153769
12.00000000 60.00    SPT    LMT  0.00   0.00  0.00   0.00   -831849920.0000 -7838484080.0000    0.15214674    -3.5925   0.00855234   144.6707    0.00198390   129.5696    0.00881868   125.0123    0.00575350
12.00000000 60.00    SPT    SMA  0.00   0.00  0.00   0.00   3403186720.0000 -7190872800.0000    0.17277114   -20.5460   0.00769597   -33.2873    0.03089953   169.2055    0.00718735   147.1332    0.00972519
12.00000000 60.00    SPT    SMT  0.00   0.00  0.00   0.00    157930740.0000 -8540800670.0000    0.12581508   -15.0683   0.00504074    99.2276    0.03544728    81.1465    0.01613778   -99.6852    0.01612740
12.16666667 60.00    LMT   ALMA  0.00   0.00  0.00   0.00  -2004868290.0000  3613191030.0000    0.33298096   158.4812   0.00043997  -155.5259    0.00124399   132.3949    0.00012615    21.5496    0.00060647
12.16666667 60.00    LMT    SMT  0.00   0.00  0.00   0.00   1007833660.0000  -723511600.0000    1.80366943   -30.2004   0.00925705   -54.8427    0.00449621  -164.9395    0.00765211   149.3265    0.00636073
12.16666667 60.00    SMA   ALMA  0.00   0.00  0.00   0.00  -6299534400.0000  3056081300.0000    0.10906838    -6.3288   0.00067368  -111.8217    0.00310046   -88.7174    0.00118183   120.9101    0.00102512
12.16666667 60.00    SMA    LMT  0.00   0.00  0.00   0.00  -4294666100.0000  -557109730.0000    0.56138674   177.6349   0.00475428    33.7887    0.00281489    36.1851    0.00687750    86.7527    0.00383567
12.16666667 60.00    SMA    SMT  0.00   0.00  0.00   0.00  -3286832440.0000 -1280621330.0000    0.62466074   140.4599   0.01111140   -94.7078    0.01264500   -88.4127    0.01199440    79.7775    0.01075160
12.16666667 60.00    SMT   ALMA  0.00   0.00  0.00   0.00  -3012701950.0000  4336702630.0000    0.20837093  -155.9650   0.00263332   158.6261    0.00044516     0.9640    0.00308302   164.4256    0.00169998
12.16666667 60.00    SPT   ALMA  0.00   0.00  0.00   0.00  -3034643630.0000 -4205540900.0000    0.24293058  -137.7417   0.00217219  -151.0850    0.00281005   127.9563    0.00184817  -169.2868    0.00153769
12.16666667 60.00    SPT    LMT  0.00   0.00  0.00   0.00  -1029775330.0000 -7818731930.0000    0.16524205    -1.8564   0.00658952    60.6967    0.00494389  -126.2053    0.00429581   114.6490    0.00575350
12.16666667 60.00    SPT    SMA  0.00   0.00  0.00   0.00   3264890770.0000 -7261622200.0000    0.14432569   -13.0047   0.01108594   134.5148    0.00966322    27.6903    0.00483366   -98.7251    0.00972519
12.16666667 60.00    SPT    SMT  0.00   0.00  0.00   0.00    -21941670.0000 -8542243530.0000    0.15908062     5.2794   0.01630414     6.7041    0.03160707    17.3242    0.01170397   -72.4337    0.01612740
12.33333333 60.00    LMT   ALMA  0.00   0.00  0.00   0.00  -1951176730.0000  3655165320.0000    0.32751126   158.8698   0.00043301    27.5121    0.00048311    31.2873    0.00060824    69.5219    0.00060647
12.33333333 60.00    LMT    SMT  0.00   0.00  0.00   0.00   1023957680.0000  -745069240.0000    1.78752455   -30.2888   0.00683570   -56.7182    0.00625340   -13.6878    0.01431843    64.2263    0.00636073
12.33333333 60.00    SMA   ALMA  0.00   0.00  0.00   0.00  -6297252340.0000  3189735290.0000    0.11062886    -2.1086   0.00138654    88.3869    0.00259356  -136.8878    0.00117452  -109.2390    0.00102512
12.33333333 60.00    SMA    LMT  0.00   0.00  0.00   0.00  -4346075600.0000  -465430040.0000    0.56110218   179.8220   0.00235346   -47.6180    0.00144981   -74.2491    0.00488742    97.0900    0.00383567
12.33333333 60.00    SMA    SMT  0.00   0.00  0.00   0.00  -3322117920.0000 -1210499280.0000    0.59376339   141.1921   0.01135690    85.6089    0.01823163    91.3595    0.01409875  -154.1718    0.01075160
12.33333333 60.00    SMT   ALMA  0.00   0.00  0.00   0.00  -2975134410.0000  4400234560.0000    0.20091608  -154.3330   0.00168427   -84.6800    0.00147130     5.5972    0.00048012   122.0574    0.00169998
12.33333333 60.00    SPT   ALMA  0.00   0.00  0.00   0.00  -3176906500.0000 -4139635330.0000    0.24019276  -136.7697   0.00371629   149.0274    0.00372177   157.2231    0.00202080   138.5899    0.00153769
12.33333333 60.00    SPT    LMT  0.00   0.00  0.00   0.00  -1225729770.0000 -7794800650.0000    0.15992020    -3.0163   0.00936209    77.4652    0.00934906   136.0928    0.00888590  -126.9162    0.00575350
12.33333333 60.00    SPT    SMA  0.00   0.00  0.00   0.00   3120345830.0000 -7329370610.0000    0.16006043   -17.8072   0.01684838   113.7015    0.00489559   -44.9362    0.01828898    60.4144    0.00972519
12.33333333 60.00    SPT    SMT  0.00   0.00  0.00   0.00   -201772090.0000 -8539869890.0000    0.14784000    -3.5238   0.02958093    30.9008    0.00813286   -17.8420    0.03364534   -62.5655    0.01612740
12.50000000 60.00    LMT   ALMA  0.00   0.00  0.00   0.00  -1893750630.0000  3695960630.0000    0.32436213   158.8253   0.00088404  -147.1348    0.00031315   -13.2168    0.00089284  -154.7840    0.00060647
12.50000000 60.00    LMT    SMT  0.00   0.00  0.00   0.00   1038121850.0000  -766948250.0000    1.75858286   -31.2578   0.00411417   178.8090    0.00571561   -78.3439    0.01016019    77.5307    0.00636073
12.50000000 60.00    SMA   ALMA  0.00   0.00  0.00   0.00  -6282917380.0000  3323212960.0000    0.11555933    -0.2805   0.00170431    -5.4100    0.00154132    33.9912    0.00100206   -91.7779    0.00102512
12.50000000 60.00    SMA    LMT  0.00   0.00  0.00   0.00  -4389166750.0000  -372747680.0000    0.55629051  -178.8787   0.00626784  -107.0903    0.00577228  -113.9227    0.00224261  -174.1094    0.00383567
12.50000000 60.00    SMA    SMT  0.00   0.00  0.00   0.00  -3351044900.0000 -1139695920.0000    0.64236407   142.1302   0.01222087  -141.0878    0.01082652  -148.1542    0.01072927   -25.8900    0.01075160
12.50000000 60.00    SMT   ALMA  0.00   0.00  0.00   0.00  -2931872490.0000  4462908880.0000    0.19254593  -154.3095   0.00187963  -126.7996    0.00197851   119.8409    0.00035437   129.8332    0.00169998
12.50000000 60.00    SPT   ALMA  0.00   0.00  0.00   0.00  -3313088800.0000 -4070775410.0000    0.24315022  -135.0272   0.00102218    -7.0510    0.00158016   -97.9537    0.00069578    17.6270    0.00153769
12.50000000 60.00    SPT    LMT  0.00   0.00  0.00   0.00  -1419338160.0000 -7766736040.0000    0.16057767     0.4043   0.00358235    48.9779    0.00634945   174.9109    0.00309481     6.9591    0.00575350
12.50000000 60.00    SPT    SMA  0.00   0.00  0.00   0.00   2969828580.0000 -7393988370.0000    0.17721716   -18.7787   0.01559253    15.2630    0.02699555   -70.7682    0.00987291  -133.8946    0.00972519
12.50000000 60.00    SPT    SMT  0.00   0.00  0.00   0.00   -381216310.0000 -8533684290.0000    0.13364881     2.3493   0.02602029    51.1226    0.03187946    76.9838    0.02939631   123.8175    0.01612740
12.66666667 60.00    LMT   ALMA  0.00   0.00  0.00   0.00  -1832699910.0000  3735498890.0000    0.32003093   158.9790   0.00115602    60.8530    0.00212294   -83.6767    0.00043297  -130.8641    0.00060647
12.66666667 60.00    LMT    SMT  0.00   0.00  0.00   0.00   1050299060.0000  -789106740.0000    1.74457256   -31.7891   0.01124624    51.1779    0.01571260    22.0360    0.00929159   126.2584    0.00636073
12.66666667 60.00    SMA   ALMA  0.00   0.00  0.00   0.00  -6256556960.0000  3456258840.0000    0.11721695     3.3008   0.00147327  -131.0790    0.00155635   146.1716    0.00194869   144.3408    0.00102512
12.66666667 60.00    SMA    LMT  0.00   0.00  0.00   0.00  -4423857050.0000  -279240040.0000    0.54896932  -178.4426   0.00218931    -3.8602    0.00527961    22.2227    0.00871703   -41.6771    0.00383567
12.66666667 60.00    SMA    SMT  0.00   0.00  0.00   0.00  -3373557990.0000 -1068346780.0000    0.63825841   143.2716   0.00477065    71.6058    0.02041920   -70.3626    0.00199093     4.5312    0.01075160
12.66666667 60.00    SMT   ALMA  0.00   0.00  0.00   0.00  -2882998970.0000  4524605620.0000    0.18937702  -154.3683   0.00215744   175.8982    0.00245710   -33.7023    0.00168181   111.0864    0.00169998
12.66666667 60.00    SPT   ALMA  0.00   0.00  0.00   0.00  -3442929870.0000 -3999092940.0000    0.24336961  -133.9228   0.00154660   -29.6791    0.00059229    37.9130    0.00084957   -87.0039    0.00153769
12.66666667 60.00    SPT    LMT  0.00   0.00  0.00   0.00  -1610229960.0000 -7734591830.0000    0.15123618     1.2512   0.00527490   -14.4795    0.00776231    90.8984    0.00575279   147.9863    0.00575350
12.66666667 60.00    SPT    SMA  0.00   0.00  0.00   0.00   2813627100.0000 -7455351780.0000    0.16829190   -22.4132   0.00508558   -58.2785    0.01252078   -26.1886    0.00282586    76.3196    0.00972519
12.66666667 60.00    SPT    SMT  0.00   0.00  0.00   0.00   -559930890.0000 -8523698560.0000    0.15742521     5.7879   0.01503129    85.8092    0.01449986   155.8020    0.02156023    23.9549    0.01612740
12.83333333 60.00    LMT   ALMA  0.00   0.00  0.00   0.00  -1768141420.0000  3773704410.0000    0.31553786   159.0762   0.00050808   114.8436    0.00116853     1.7486    0.00063619   -50.2211    0.00060647
12.83333333 60.00    LMT    SMT  0.00   0.00  0.00   0.00   1060466010.0000  -811502300.0000    1.70985909   -32.0802   0.00595604   -37.9057    0.00680726  -125.1175    0.01023215   143.7741    0.00636073
12.83333333 60.00    SMA   ALMA  0.00   0.00  0.00   0.00  -6218221550.0000  3588618290.0000    0.12047342     5.0030   0.00102899  -159.5700    0.00173457    82.3542    0.00193405    67.8078    0.00102512
12.83333333 60.00    SMA    LMT  0.00   0.00  0.00   0.00  -4450080130.0000  -185086120.0000    0.54320835  -177.0183   0.00279808   -51.6420    0.00871740   121.3826    0.00307142   113.7546    0.00383567
12.83333333 60.00    SMA    SMT  0.00   0.00  0.00   0.00  -3389614120.0000  -996588410.0000    0.65989844   141.4014   0.00959304    74.9432    0.02999738   160.0150    0.01672628    63.8405    0.01075160
12.83333333 60.00    SMT   ALMA  0.00   0.00  0.00   0.00  -2828607430.0000  4585206700.0000    0.18452845  -153.7034   0.00267215    74.9380    0.00092577   -25.4464    0.00047817   -47.6423    0.00169998
12.83333333 60.00    SPT   ALMA  0.00   0.00  0.00   0.00  -3566181190.0000 -3924725120.0000    0.24292127  -132.9928   0.00064139  -156.1965    0.00341766   -81.7489    0.00248014    -0.6948    0.00153769
12.83333333 60.00    SPT    LMT  0.00   0.00  0.00   0.00  -1798039770.0000 -7698429530.0000    0.16299164     2.5330   0.01794000   122.2824    0.00753981    35.0650    0.01037184    13.2174    0.00575350
12.83333333 60.00    SPT    SMA  0.00   0.00  0.00   0.00   2652040360.0000 -7513343410.0000    0.16568772   -19.2989   0.01597708     2.5651    0.00088131   157.3625    0.01487902    72.5778    0.00972519
12.83333333 60.00    SPT    SMT  0.00   0.00  0.00   0.00   -737573760.0000 -8509931830.0000    0.14264462     8.9859   0.01133101   -55.2246    0.00418607    29.7223    0.01074822   -40.9608    0.01612740
13.00000000 60.00    LMT   ALMA  0.00   0.00  0.00   0.00  -1700198710.0000  3810504070.0000    0.31155353   159.2496   0.00098540   157.8391    0.00099494   -82.8905    0.00123968    40.4259    0.00060647
13.00000000 60.00    LMT    SMT  0.00   0.00  0.00   0.00   1068603230.0000  -834092070.0000    1.70540554   -32.6941   0.00799695    47.3715    0.00664099   -51.6149    0.01423853   -84.2971    0.00636073
13.00000000 60.00    SMA   ALMA  0.00   0.00  0.00   0.00  -6167984490.0000  3720037980.0000    0.12546222     5.2832   0.00043349   141.7385    0.00152623    42.8800    0.00271983  -127.2100    0.00102512
13.00000000 60.00    SMA    LMT  0.00   0.00  0.00   0.00  -4467785780.0000   -90466090.0000    0.54978732  -175.9575   0.00349995  -111.3865    0.00493326   -78.3616    0.00097544   159.3529    0.00383567
13.00000000 60.00    SMA    SMT  0.00   0.00  0.00   0.00  -3399182550.0000  -924558160.0000    0.63100828   141.6803   0.01620852     5.8063    0.01030206   -56.1078    0.01519053   109.5614    0.01075160
13.00000000 60.00    SMT   ALMA  0.00   0.00  0.00   0.00  -2768801940.0000  4644596140.0000    0.18121472  -154.2623   0.00192901  -133.0943    0.00350191   -80.9311    0.00391964  -126.1554    0.00169998
13.00000000 60.00    SPT   ALMA  0.00   0.00  0.00   0.00  -3682606870.0000 -3847814290.0000    0.24535160  -132.7464   0.00166348  -116.7832    0.00066423   -40.5439    0.00321941  -103.6228    0.00153769
13.00000000 60.00    SPT    LMT  0.00   0.00  0.00   0.00  -1982408160.0000 -7658318350.0000    0.15792472     2.7213   0.01864658   -50.0565    0.00490188    72.8607    0.00721785  -152.9260    0.00575350
13.00000000 60.00    SPT    SMA  0.00   0.00  0.00   0.00   2485377630.0000 -7567852260.0000    0.16222613   -21.6830   0.01935157  -116.1690    0.01046214  -136.1012    0.01360104   -41.4769    0.00972519
13.00000000 60.00    SPT    SMT  0.00   0.00  0.00   0.00   -913804920.0000 -8492410430.0000    0.12300949    10.2546   0.00610900   102.5372    0.01619005  -146.2569    0.01481899    88.5884    0.01612740
13.16666667 60.00    LMT   ALMA  0.00   0.00  0.00   0.00  -1629001830.0000  3845827430.0000    0.30756585   159.2853   0.00067289   -20.7136    0.00051928    85.1003    0.00099442  -120.5105    0.00060647
13.16666667 60.00    LMT    SMT  0.00   0.00  0.00   0.00   1074695160.0000  -856832820.0000    1.68324274   -32.6131   0.00503819   105.7425    0.00564809    12.5544    0.00655889   150.0972    0.00636073
13.16666667 60.00    SMA   ALMA  0.00   0.00  0.00   0.00  -6105941960.0000  3850266360.0000    0.12637821     6.3159   0.00092614    65.6985    0.00095256   -53.0359    0.00068782    69.1161    0.00102512
13.16666667 60.00    SMA    LMT  0.00   0.00  0.00   0.00  -4476940130.0000     4438920.0000    0.54885397  -175.8973   0.00807613   -36.0369    0.00495178    -2.5036    0.00635615   -50.6457    0.00383567
13.16666667 60.00    SMA    SMT  0.00   0.00  0.00   0.00  -3402244970.0000  -852393900.0000    0.65966731   140.9851   0.01309085   163.2404    0.01953459  -133.1220    0.01424872    91.0700    0.01075160
13.16666667 60.00    SMT   ALMA  0.00   0.00  0.00   0.00  -2703696990.0000  4702660250.0000    0.17555113  -154.1006   0.00187953   174.4912    0.00175235   -66.9956    0.00390235  -107.0474    0.00169998
13.16666667 60.00    SPT   ALMA  0.00   0.00  0.00   0.00  -3791984060.0000 -3768507650.0000    0.24691552  -130.0659   0.00105333  -122.1397    0.00171051   152.2767    0.00029460   -98.7919    0.00153769
13.16666667 60.00    SPT    LMT  0.00   0.00  0.00   0.00  -2162982230.0000 -7614335080.0000    0.15788539     1.1129   0.00401022  -125.1034    0.00862828  -103.3029    0.00118486  -152.2042    0.00575350
13.16666667 60.00    SPT    SMA  0.00   0.00  0.00   0.00   2313957900.0000 -7618774000.0000    0.19289936   -12.0608   0.01262763   143.6897    0.00770315    72.4983    0.01003857  -157.5328    0.00972519
13.16666667 60.00    SPT    SMT  0.00   0.00  0.00   0.00  -1088287070.0000 -8471167900.0000    0.14454116     3.9192   0.03612876   -80.5245    0.02407210    93.0941    0.01644177   150.0976    0.01612740
13.33333333 60.00    LMT   ALMA  0.00   0.00  0.00   0.00  -1554687050.0000  3879606890.0000    0.30342758   158.9512   0.00069345   104.3971    0.00026346   -84.5827    0.00089946    62.1855    0.00060647
13.33333333 60.00    LMT    SMT  0.00   0.00  0.00   0.00   1078730130.0000  -879681020.0000    1.65909263   -32.9427   0.00527800    64.4360    0.00565348  -143.6720    0.00712870    38.7525    0.00636073
13.33333333 60.00    SMA   ALMA  0.00   0.00  0.00   0.00  -6032212700.0000  3979054180.0000    0.12902096     6.6724   0.00105818   118.9154    0.00299337   -83.9438    0.00264580    17.4894    0.00102512
13.33333333 60.00    SMA    LMT  0.00   0.00  0.00   0.00  -4477525640.0000    99447280.0000    0.54345176  -176.1784   0.00878510   157.8221    0.00270568    -8.0866    0.00162044  -171.6872    0.00383567
13.33333333 60.00    SMA    SMT  0.00   0.00  0.00   0.00  -3398795520.0000  -780233740.0000    0.67846573   140.1905   0.02781319    37.1732    0.01106004  -122.0314    0.01719107   106.5680    0.01075160
13.33333333 60.00    SMT   ALMA  0.00   0.00  0.00   0.00  -2633417180.0000  4759287910.0000    0.17554236  -153.8975   0.00194548    56.5101    0.00149948  -139.6614    0.00049171   118.7744    0.00169998
13.33333333 60.00    SPT   ALMA  0.00   0.00  0.00   0.00  -3894103430.0000 -3686956990.0000    0.24758931  -131.1943   0.00170769    28.0579    0.00371451     8.4025    0.00086094    60.2612    0.00153769
13.33333333 60.00    SPT    LMT  0.00   0.00  0.00   0.00  -2339416370.0000 -7566563890.0000    0.16080995     3.1710   0.00552191    37.0583    0.00479214   102.4817    0.01000699   -90.7202    0.00575350
13.33333333 60.00    SPT    SMA  0.00   0.00  0.00   0.00   2138109270.0000 -7666011170.0000    0.16913438   -14.0864   0.02356513   159.3493    0.01939865  -165.9176    0.00985239    95.0487    0.00972519
13.33333333 60.00    SPT    SMT  0.00   0.00  0.00   0.00  -1260686250.0000 -8446244910.0000    0.12444270    22.4380   0.02530548    33.9271    0.01574970    44.9154    0.01799717    31.1780    0.01612740
13.50000000 60.00    LMT   ALMA  0.00   0.00  0.00   0.00  -1477396620.0000  3911777800.0000    0.30013542   159.1269   0.00127376   -57.6200    0.00070097  -110.9815    0.00148129     6.3830    0.00060647
13.50000000 60.00    LMT    SMT  0.00   0.00  0.00   0.00   1080700410.0000  -902592930.0000    1.64290119   -32.8608   0.00197519   -12.0785    0.00871321    -8.8135    0.00652893  -131.3870    0.00636073
13.50000000 60.00    SMA   ALMA  0.00   0.00  0.00   0.00  -5946937820.0000  4106154930.0000    0.12964763     6.0978   0.00162129   -27.2699    0.00032605    88.9544    0.00136691  -173.4035    0.00102512
13.50000000 60.00    SMA    LMT  0.00   0.00  0.00   0.00  -4469541200.0000   194377130.0000    0.53918520  -176.2293   0.00205429    37.8737    0.00227293   115.0886    0.00868449  -178.6759    0.00383567
13.50000000 60.00    SMA    SMT  0.00   0.00  0.00   0.00  -3388840790.0000  -708215800.0000    0.66593592   139.1984   0.01119398    19.9381    0.01704362   -44.8276    0.01526772  -166.4574    0.01075160
13.50000000 60.00    SMT   ALMA  0.00   0.00  0.00   0.00  -2558097030.0000  4814370730.0000    0.16975964  -155.5601   0.00342281    61.8326    0.00384053   141.3858    0.00218125   -36.6511    0.00169998
13.50000000 60.00    SPT   ALMA  0.00   0.00  0.00   0.00  -3988769510.0000 -3603318410.0000    0.24939267  -130.3574   0.00105193   -39.2897    0.00146679    -5.2272    0.00092076    95.4056    0.00153769
13.50000000 60.00    SPT    LMT  0.00   0.00  0.00   0.00  -2511372890.0000 -7515096210.0000    0.15431848     0.1000   0.00617207   104.8579    0.00934688   -13.6122    0.00382300  -110.6646    0.00575350
13.50000000 60.00    SPT    SMA  0.00   0.00  0.00   0.00   1958168310.0000 -7709473350.0000    0.16255091   -17.0863   0.00541577  -130.1256    0.02548133    -2.6294    0.02051920    97.2717    0.00972519
13.50000000 60.00    SPT    SMT  0.00   0.00  0.00   0.00  -1430672480.0000 -8417689150.0000    0.13624635    -0.5601   0.01695859  -151.3608    0.01998309   116.3185    0.02116183    70.2821    0.01612740
13.66666667 60.00    LMT   ALMA  0.00   0.00  0.00   0.00  -1397278460.0000  3942278580.0000    0.29512230   158.6950   0.00083382   138.8742    0.00119603    80.2940    0.00028124  -143.5015    0.00060647
13.66666667 60.00    LMT    SMT  0.00   0.00  0.00   0.00   1080602240.0000  -925524710.0000    1.62579066   -33.6781   0.00379383  -111.8327    0.01679959  -149.2455    0.00136221  -120.1369    0.00636073
13.66666667 60.00    SMA   ALMA  0.00   0.00  0.00   0.00  -5850280550.0000  4231325360.0000    0.13378070     5.9939   0.00203327     3.7830    0.00088210   -87.9731    0.00149946   117.1212    0.00102512
13.66666667 60.00    SMA    LMT  0.00   0.00  0.00   0.00  -4453002090.0000   289046790.0000    0.54582651  -177.2266   0.00484137   152.9191    0.00905074   166.7536    0.00252993  -135.1187    0.00383567
13.66666667 60.00    SMA    SMT  0.00   0.00  0.00   0.00  -3372399850.0000  -636477920.0000    0.65766996   136.9854   0.00888157   114.6191    0.01480039    79.7426    0.00388172  -153.7284    0.01075160
13.66666667 60.00    SMT   ALMA  0.00   0.00  0.00   0.00  -2477880700.0000  4867803290.0000    0.16745240  -156.4862   0.00208093   -75.6467    0.00309121   178.9420    0.00100648    10.2234    0.00169998
13.66666667 60.00    SPT   ALMA  0.00   0.00  0.00   0.00  -4075801110.0000 -3517751990.0000    0.25474943  -130.2905   0.00274829   -15.3536    0.00068668    12.9427    0.00098094   -14.9695    0.00153769
13.66666667 60.00    SPT    LMT  0.00   0.00  0.00   0.00  -2678522650.0000 -7460030570.0000    0.16050331     2.1233   0.00331777   -73.7358    0.00155682  -107.7625    0.00298870    49.7920    0.00575350
13.66666667 60.00    SPT    SMA  0.00   0.00  0.00   0.00   1774479440.0000 -7749077350.0000    0.15533939    -7.7206   0.01136112  -112.5933    0.00420502  -145.1114    0.01549739   102.8693    0.00972519
13.66666667 60.00    SPT    SMT  0.00   0.00  0.00   0.00  -1597920410.0000 -8385555280.0000    0.13105806     2.0008   0.01801925   -52.8773    0.01405725   108.9524    0.03660650   154.3396    0.01612740
13.83333333 60.00    LMT   ALMA  0.00   0.00  0.00   0.00  -1314485910.0000  3971050840.0000    0.29246921   158.6080   0.00083525    55.6137    0.00012947   -28.6061    0.00097875   -27.6949    0.00060647
13.83333333 60.00    LMT    SMT  0.00   0.00  0.00   0.00   1078435810.0000  -948432460.0000    1.60464104   -33.3674   0.00477786    75.7284    0.01011369   -16.9635    0.01027466    86.4013    0.00636073
13.83333333 60.00    SMA   ALMA  0.00   0.00  0.00   0.00  -5742425880.0000  4354325890.0000    0.13450793     5.1487   0.00062163    35.3719    0.00068644   147.8767    0.00016609   -15.9877    0.00102512
13.83333333 60.00    SMA    LMT  0.00   0.00  0.00   0.00  -4427939960.0000   383275040.0000    0.54853095  -177.8118   0.00863135   155.7782    0.00450895    34.2302    0.00210355    96.9944    0.00383567
13.83333333 60.00    SMA    SMT  0.00   0.00  0.00   0.00  -3349504160.0000  -565157420.0000    0.70305872   135.4631   0.00434975   -88.8429    0.01061983    20.2347    0.00410539   -47.9609    0.01075160
13.83333333 60.00    SMT   ALMA  0.00   0.00  0.00   0.00  -2392921720.0000  4919483300.0000    0.16144616  -157.0464   0.00265583   -41.5300    0.00195336    11.7911    0.00159016    -4.8035    0.00169998
13.83333333 60.00    SPT   ALMA  0.00   0.00  0.00   0.00  -4155031660.0000 -3430421500.0000    0.25315188  -131.0043   0.00113173  -146.5467    0.00164314   -86.9734    0.00184809   156.9968    0.00153769
13.83333333 60.00    SPT    LMT  0.00   0.00  0.00   0.00  -2840545740.0000 -7401472340.0000    0.15805871     1.1118   0.01066757  -122.3713    0.00982893  -150.3493    0.00186742    57.1549    0.00575350
13.83333333 60.00    SPT    SMA  0.00   0.00  0.00   0.00   1587394220.0000 -7784747390.0000    0.17233710    -7.3846   0.01075067    96.2240    0.01037209     0.9242    0.01331934   -58.4936    0.00972519
13.83333333 60.00    SPT    SMT  0.00   0.00  0.00   0.00  -1762109940.0000 -8349904800.0000    0.13474284    16.6524   0.01771899  -111.8053    0.00493234   -92.6892    0.01513197    68.4253    0.01612740
14.00000000 60.00    LMT   ALMA  0.00   0.00  0.00   0.00  -1229177450.0000  3998039530.0000    0.28863296   158.2866   0.00043251    58.5726    0.00046395    53.2571    0.00101607   119.7398    0.00060647
14.00000000 60.00    LMT    SMT  0.00   0.00  0.00   0.00   1074205250.0000  -971272340.0000    1.60140278   -33.5666   0.00472170   -90.0316    0.01066119   -78.5447    0.01299513    12.1344    0.00636073
14.00000000 60.00    SMA   ALMA  0.00   0.00  0.00   0.00  -5623580250.0000  4474921080.0000    0.13519660     4.4538   0.00263099   -31.0794    0.00120789    98.8939    0.00078411    74.0529    0.00102512
14.00000000 60.00    SMA    LMT  0.00   0.00  0.00   0.00  -4394402790.0000   476881550.0000    0.54423873  -178.6287   0.00095422  -133.8857    0.00794674    31.2603    0.00518072  -144.9347    0.00383567
14.00000000 60.00    SMA    SMT  0.00   0.00  0.00   0.00  -3320197540.0000  -494390780.0000    0.70862146   133.3549   0.00518076   -44.3302    0.00866123  -109.3259    0.02511466    42.3759    0.01075160
14.00000000 60.00    SMT   ALMA  0.00   0.00  0.00   0.00  -2303382710.0000  4969311870.0000    0.16532455  -158.0113   0.00287734   179.7157    0.00113392    95.7422    0.00216322    52.7315    0.00169998
14.00000000 60.00    SPT   ALMA  0.00   0.00  0.00   0.00  -4226309500.0000 -3341494090.0000    0.25600027  -130.2849   0.00027705    79.6227    0.00365686   146.4812    0.00434242  -105.8309    0.00153769
14.00000000 60.00    SPT    LMT  0.00   0.00  0.00   0.00  -2997132050.0000 -7339533620.0000    0.15786585     0.3862   0.00570497   149.0125    0.00417126   -66.4849    0.01197297  -169.3857    0.00575350
14.00000000 60.00    SPT    SMA  0.00   0.00  0.00   0.00   1397270740.0000 -7816415170.0000    0.16074238    -9.7062   0.00737452    55.4194    0.01770853    38.5498    0.00226326    29.9385    0.00972519
14.00000000 60.00    SPT    SMT  0.00   0.00  0.00   0.00  -1922926800.0000 -8310805960.0000    0.13732801    18.3332   0.01651626   -78.7507    0.01236367     4.7258    0.01053537   172.9070    0.01612740
14.16666667 60.00    LMT   ALMA  0.00   0.00  0.00   0.00  -1141516360.0000  4023192980.0000    0.28429806   158.4771   0.00078247   150.0871    0.00110350  -114.6953    0.00009582    64.6589    0.00060647
14.16666667 60.00    LMT    SMT  0.00   0.00  0.00   0.00   1067918680.0000  -994000620.0000    1.58880923   -32.9615   0.00313683    -9.1140    0.00182258   -55.3695    0.00616450   -70.9277    0.00636073
14.16666667 60.00    SMA   ALMA  0.00   0.00  0.00   0.00  -5493971120.0000  4592880130.0000    0.13747472     3.8847   0.00129259  -106.3649    0.00123207  -170.2917    0.00091455  -142.8759    0.00102512
14.16666667 60.00    SMA    LMT  0.00   0.00  0.00   0.00  -4352454770.0000   569687150.0000    0.54270925  -179.9618   0.00930197    -4.1057    0.00246421    40.7176    0.00943179  -158.6319    0.00383567
14.16666667 60.00    SMA    SMT  0.00   0.00  0.00   0.00  -3284536090.0000  -424313470.0000    0.70078180   131.3956   0.00229867   -76.5686    0.02500611  -147.2034    0.01523021   -56.3648    0.01075160
14.16666667 60.00    SMT   ALMA  0.00   0.00  0.00   0.00  -2209435030.0000  5017193610.0000    0.16357440  -160.0228   0.00179206    48.1554    0.00206338   135.8996    0.00234841  -165.5372    0.00169998
14.16666667 60.00    SPT   ALMA  0.00   0.00  0.00   0.00  -4289498220.0000 -3251139970.0000    0.25970548  -131.2147   0.00167278    84.0577    0.00447277   -55.6938    0.00054141    83.7033    0.00153769
14.16666667 60.00    SPT    LMT  0.00   0.00  0.00   0.00  -3147981870.0000 -7274332950.0000    0.15828866     4.3704   0.00046676    90.2318    0.00364590   -30.3909    0.00143563  -123.2795    0.00575350
14.16666667 60.00    SPT    SMA  0.00   0.00  0.00   0.00   1204472900.0000 -7844020100.0000    0.14941404    -8.7644   0.01150589  -113.4772    0.02754392   -37.6891    0.01751116    82.2770    0.00972519
14.16666667 60.00    SPT    SMT  0.00   0.00  0.00   0.00  -2080063190.0000 -8268333570.0000    0.10095203    20.9743   0.00469500   -62.5668    0.00578726   -51.9940    0.01267953   -74.9427    0.01612740
14.33333333 60.00    LMT   ALMA  0.00   0.00  0.00   0.00  -1051670410.0000  4046463050.0000    0.28165565   158.2072   0.00049721   131.8850    0.00176070    87.2281    0.00038743    91.3257    0.00060647
14.33333333 60.00    LMT    SMT  0.00   0.00  0.00   0.00   1059588120.0000 -1016573820.0000    1.58120900   -33.1283   0.00533806  -148.5036    0.00808559     3.3643    0.00473574    82.2313    0.00636073
14.33333333 60.00    SMA   ALMA  0.00   0.00  0.00   0.00  -5353846580.0000  4707977260.0000    0.13892962     2.1363   0.00126845  -139.5649    0.00065359     6.9715    0.00075540   177.5787    0.00102512
14.33333333 60.00    SMA    LMT  0.00   0.00  0.00   0.00  -4302176170.0000   661514210.0000    0.55065162   178.4624   0.00488296   -12.8320    0.00425005   131.4598    0.00254853    59.3552    0.00383567
14.33333333 60.00    SMA    SMT  0.00   0.00  0.00   0.00  -3242588060.0000  -355059610.0000    0.72345716   130.6794   0.00389638    47.2533    0.01836084    80.5116    0.01821308   140.7421    0.01075160
14.33333333 60.00    SMT   ALMA  0.00   0.00  0.00   0.00  -2111258530.0000  5063036870.0000    0.16047612  -160.5937   0.00167306   115.6336    0.00143512   -54.7839    0.00135385  -139.4570    0.00169998
14.33333333 60.00    SPT   ALMA  0.00   0.00  0.00   0.00  -4344476870.0000 -3159532080.0000    0.26387728  -132.4019   0.00227780  -169.1282    0.00120318   -45.0352    0.00062771  -171.2668    0.00153769
14.33333333 60.00    SPT    LMT  0.00   0.00  0.00   0.00  -3292806460.0000 -7205995130.0000    0.15910329     2.3942   0.00450046   133.7614    0.00618263   -89.4367    0.00835534   175.2728    0.00575350
14.33333333 60.00    SPT    SMA  0.00   0.00  0.00   0.00   1009369710.0000 -7867509340.0000    0.17039592    -2.4181   0.02575042    69.6737    0.01786525   178.0288    0.01455716  -132.8233    0.00972519
14.33333333 60.00    SPT    SMT  0.00   0.00  0.00   0.00  -2233218340.0000 -8222568950.0000    0.11762659    24.2973   0.03713707  -104.4315    0.02450582  -163.9647    0.01925855    85.2699    0.01612740
14.50000000 60.00    LMT   ALMA  0.00   0.00  0.00   0.00   -959811570.0000  4067805210.0000    0.27755042   158.2297   0.00101509     8.8097    0.00025921   -45.8781    0.00078587   117.3983    0.00060647
14.50000000 60.00    LMT    SMT  0.00   0.00  0.00   0.00   1049229510.0000 -1038948720.0000    1.56808518   -32.8466   0.00478534    93.2490    0.00560921  -172.6104    0.00443633    27.8777    0.00636073
14.50000000 60.00    SMA   ALMA  0.00   0.00  0.00   0.00  -5203474810.0000  4819992180.0000    0.14102468     0.1742   0.00045922    47.2739    0.00095760   -84.8025    0.00175047   -21.8028    0.00102512
14.50000000 60.00    SMA    LMT  0.00   0.00  0.00   0.00  -4243663240.0000   752186970.0000    0.55006808   176.8918   0.00672000   -37.7046    0.00777559     7.6769    0.00226945    49.0601    0.00383567
14.50000000 60.00    SMA    SMT  0.00   0.00  0.00   0.00  -3194433730.0000  -286761750.0000    0.72126704   126.4564   0.01004335   -57.0268    0.01347186    29.1420    0.00589462    54.9061    0.01075160
14.50000000 60.00    SMT   ALMA  0.00   0.00  0.00   0.00  -2009041080.0000  5106753930.0000    0.16066328  -162.4342   0.00126286     2.2160    0.00246840   122.7754    0.00167085    61.4824    0.00169998
14.50000000 60.00    SPT   ALMA  0.00   0.00  0.00   0.00  -4391140220.0000 -3066845740.0000    0.27072177  -133.8181   0.00164253   -73.3017    0.00172838   -31.9411    0.00259923   121.3169    0.00153769
14.50000000 60.00    SPT    LMT  0.00   0.00  0.00   0.00  -3431328650.0000 -7134650950.0000    0.16392000     0.1514   0.00331331  -109.8394    0.00326891   117.0082    0.01060094  -169.7362    0.00575350
14.50000000 60.00    SPT    SMA  0.00   0.00  0.00   0.00    812334590.0000 -7886837920.0000    0.16412615    -8.5092   0.01756378   -32.7940    0.01433401    28.8753    0.00601697  -145.1349    0.00972519
14.50000000 60.00    SPT    SMT  0.00   0.00  0.00   0.00  -2382099140.0000 -8173599670.0000    0.14033409     7.0178   0.02656746   143.6127    0.02130118   -97.9393    0.01304607    97.6202    0.01612740
14.66666667 60.00    LMT   ALMA  0.00   0.00  0.00   0.00   -866115650.0000  4087178600.0000    0.27303523   158.1313   0.00088172   -66.2471    0.00059661   -91.2300    0.00114962    79.9315    0.00060647
14.66666667 60.00    LMT    SMT  0.00   0.00  0.00   0.00   1036862680.0000 -1061082500.0000    1.55485269   -32.5953   0.01098102   -25.5762    0.00100160   150.2983    0.00073699   115.1504    0.00636073
14.66666667 60.00    SMA   ALMA  0.00   0.00  0.00   0.00  -5043143620.0000  4928710490.0000    0.14038231    -1.4220   0.00161624   113.1310    0.00112983    29.4711    0.00195236   -87.2457    0.00102512
14.66666667 60.00    SMA    LMT  0.00   0.00  0.00   0.00  -4177027970.0000   841531890.0000    0.55721151   175.0129   0.00622516    90.8684    0.00794539  -155.2039    0.00489184  -164.7680    0.00383567
14.66666667 60.00    SMA    SMT  0.00   0.00  0.00   0.00  -3140165290.0000  -219550610.0000    0.75070897   123.5565   0.01715653    12.5877    0.00831474  -109.3589    0.00998348  -103.2961    0.01075160
14.66666667 60.00    SMT   ALMA  0.00   0.00  0.00   0.00  -1902978340.0000  5148261100.0000    0.15709551  -165.4086   0.00145046  -136.6726    0.00098716   -76.4625    0.00280873   -47.6140    0.00169998
14.66666667 60.00    SPT   ALMA  0.00   0.00  0.00   0.00  -4429398960.0000 -2973258370.0000    0.28037033  -135.1501   0.00211104   -83.1075    0.00041599   146.5188    0.00164681   127.0586    0.00153769
14.66666667 60.00    SPT    LMT  0.00   0.00  0.00   0.00  -3563283300.0000 -7060436970.0000    0.15855734     2.3963   0.00255905   162.7387    0.01279775   -58.8914    0.00307427   100.2137    0.00575350
14.66666667 60.00    SPT    SMA  0.00   0.00  0.00   0.00    613744670.0000 -7901968850.0000    0.16469779   -10.9574   0.02553456   162.2043    0.01257047   131.8944    0.02090526  -157.7837    0.00972519
14.66666667 60.00    SPT    SMT  0.00   0.00  0.00   0.00  -2526420620.0000 -8121519470.0000    0.13705112    18.4071   0.03511295   122.0120    0.03324593    60.0867    0.01128648    64.1392    0.01612740
14.83333333 60.00    LMT   ALMA  0.00   0.00  0.00   0.00   -770762000.0000  4104546140.0000    0.27092172   157.9856   0.00079602    57.8951    0.00105027   107.1923    0.00046408   143.3330    0.00060647
14.83333333 60.00    LMT    SMT  0.00   0.00  0.00   0.00   1022511310.0000 -1082932800.0000    1.54670582   -32.5121   0.00809207    86.2624    0.01051597    55.4333    0.01175218   -64.9013    0.00636073
14.83333333 60.00    SMA   ALMA  0.00   0.00  0.00   0.00  -4873159900.0000  5033924100.0000    0.13918879    -3.2036   0.00113891     0.0315    0.00139861   -55.8445    0.00028179   101.4772    0.00102512
14.83333333 60.00    SMA    LMT  0.00   0.00  0.00   0.00  -4102397900.0000   929377960.0000    0.55922551   172.3431   0.00180746    48.3308    0.00692898  -144.0619    0.00978833   106.9198    0.00383567
14.83333333 60.00    SMA    SMT  0.00   0.00  0.00   0.00  -3079886590.0000  -153554840.0000    0.76411948   120.1070   0.00997935  -128.3811    0.00861822    41.8046    0.01306314    99.9100    0.01075160
14.83333333 60.00    SMT   ALMA  0.00   0.00  0.00   0.00  -1793273310.0000  5187478940.0000    0.16107568  -167.5504   0.00202142    60.7725    0.00427195    98.1167    0.00245411  -115.8313    0.00169998
14.83333333 60.00    SPT   ALMA  0.00   0.00  0.00   0.00  -4459179860.0000 -2878949080.0000    0.28712437  -136.4500   0.00115038  -139.7526    0.00163704    87.2938    0.00102161    83.7179    0.00153769
14.83333333 60.00    SPT    LMT  0.00   0.00  0.00   0.00  -3688417860.0000 -6983495220.0000    0.16282471     2.0926   0.00972259    65.5234    0.00740392   116.0987    0.00123262  -106.3204    0.00575350
14.83333333 60.00    SPT    SMA  0.00   0.00  0.00   0.00    413980040.0000 -7912873180.0000    0.16214581    -4.4019   0.01029565   116.9134    0.01287351   -72.4480    0.01378723    76.4710    0.00972519
14.83333333 60.00    SPT    SMT  0.00   0.00  0.00   0.00  -2665906550.0000 -8066428020.0000    0.12595176    20.5887   0.01633288     2.5625    0.01519577  -143.8170    0.00787758    99.6995    0.01612740
15.00000000 60.00    LMT    SMT  0.00   0.00  0.00   0.00   1006202860.0000 -1104457790.0000    1.55169571   -31.2610   0.01050625     4.5153    0.00950594    -2.3039    0.00981825   -77.3327    0.00636073
15.00000000 60.00    SMA    LMT  0.00   0.00  0.00   0.00  -4019915860.0000  1015557050.0000    0.56645229   170.1307   0.00407885    -1.3208    0.00470354   146.3034    0.00564237  -157.8125    0.00383567
15.00000000 60.00    SMA    SMT  0.00   0.00  0.00   0.00  -3013713000.0000   -88900740.0000    0.77868605   117.3840   0.01304992    86.2695    0.01191584   -90.4331    0.01223662    19.7963    0.01075160
15.00000000 60.00    SPT    LMT  0.00   0.00  0.00   0.00  -3806492810.0000 -6903972990.0000    0.15131591    -4.8070   0.00024142   127.4437    0.00167013   -79.5016    0.00721512   169.6081    0.00575350
15.00000000 60.00    SPT    SMA  0.00   0.00  0.00   0.00    213423050.0000 -7919530030.0000    0.18018154    -4.2501   0.01229644   -67.6044    0.02517532    45.0608    0.00743753   110.6095    0.00972519
15.00000000 60.00    SPT    SMT  0.00   0.00  0.00   0.00  -2800289950.0000 -8008430780.0000    0.10867351    21.3899   0.01965089  -140.9268    0.02880145    46.3064    0.01129896   117.8026    0.01612740
15.16666667 60.00    SMA    LMT  0.00   0.00  0.00   0.00  -3929739730.0000  1099904200.0000    0.58076635   166.9889   0.00957410    85.8919    0.00619514   159.7529    0.00442990    71.0098    0.00383567
15.16666667 60.00    SPT    LMT  0.00   0.00  0.00   0.00  -3917282160.0000 -6822022460.0000    0.15393173    -3.8015   0.01214088   159.0615    0.00849159  -142.7861    0.00613612     6.4201    0.00575350
15.16666667 60.00    SPT    SMA  0.00   0.00  0.00   0.00     12457580.0000 -7921926660.0000    0.17354877   -10.6355   0.00658245  -103.2458    0.01393178    92.2389    0.00168120   161.3945    0.00972519
15.33333333 60.00    SPT    SMA  0.00   0.00  0.00   0.00   -188531740.0000 -7920058490.0000    0.17228816     0.5611   0.01862745  -149.8913    0.01435080   -29.3029    0.00808594   -55.0344    0.00972519
15.50000000 60.00    SPT    SMA  0.00   0.00  0.00   0.00   -389160210.0000 -7913929080.0000    0.15164736    -5.3071   0.00688330  -107.6208    0.00597009    54.6558    0.01384225   125.6662    0.00972519
15.66666667 60.00    SPT    SMA  0.00   0.00  0.00   0.00   -589043830.0000 -7903550170.0000    0.16636317     2.0534   0.00794299    29.5964    0.01002540    72.1781    0.01334972  -154.5486    0.00972519
15.83333333 60.00    SPT    SMA  0.00   0.00  0.00   0.00   -787800010.0000 -7888941640.0000    0.15335380    -2.3120   0.01246087   151.2592    0.02185761    19.9214    0.01663167  -147.8299    0.00972519
16.00000000 60.00    SPT    SMA  0.00   0.00  0.00   0.00   -985048360.0000 -7870131420.0000    0.15042455     1.0356   0.00596388    12.0771    0.00542039   114.4943    0.00729249    11.9100    0.00972519
16.16666667 60.00    SPT    SMA  0.00   0.00  0.00   0.00  -1180411330.0000 -7847155540.0000    0.15128744    -0.6720   0.01685424   -91.8441    0.02200079    38.5488    0.00964675   133.2445    0.00972519
16.33333333 60.00    SPT    SMA  0.00   0.00  0.00   0.00  -1373515010.0000 -7820057960.0000    0.15481975    -1.2025   0.01790859   -11.4719    0.01113408  -155.0473    0.01027366    -2.9545    0.00972519
16.50000000 60.00    SPT    SMA  0.00   0.00  0.00   0.00  -1563989790.0000 -7788890550.0000    0.16357737     5.2385   0.01804461    44.0984    0.00961162    43.0896    0.00848368    -4.1423    0.00972519
